CHROM	POS	BTN1	BTN2
22	16052463	1|0	0|1
22	16054979	0|1	1|0
22	16060567	1|0	0|0
22	16067719	1|1	1|1
22	16067722	0|1	1|0
22	16103536	0|1	1|0
22	16164448	1|0	0|0
22	16173570	1|0	0|0
22	16205454	1|0	0|1
22	16231675	0|0	1|0
22	16269829	1|1	1|1
22	16285954	0|0	0|1
22	16286989	0|0	1|0
22	16287339	0|0	1|0
22	16287346	0|0	1|0
22	16287930	0|0	1|0
22	16287955	0|0	1|0
22	16297069	0|0	1|0
22	16404635	1|0	0|1
22	16425928	1|0	0|0
22	16462657	1|0	0|1
22	16469005	1|0	0|1
22	16477443	0|0	1|0
22	16490627	1|0	0|1
22	16546199	0|1	0|0
22	16606986	0|1	0|0
22	16610389	0|1	0|0
22	16629378	1|1	1|1
22	16667813	1|0	0|0
22	16848745	0|1	1|0
22	16850541	0|1	0|1
22	16850759	1|0	0|1
22	16853425	0|1	1|0
22	16854717	0|0	0|0
22	16855336	0|1	1|0
22	16855349	0|1	0|1
22	16861711	1|1	1|1
22	16862103	0|1	1|0
22	16863708	0|1	0|0
22	16863901	0|1	0|0
22	16872711	0|1	1|0
22	16876642	0|1	0|0
22	16888099	0|1	0|0
22	16889656	0|1	1|0
22	16890652	0|1	1|0
22	16896546	0|1	1|0
22	16909906	0|1	1|0
22	16912705	0|0	1|0
22	16915438	0|1	0|0
22	16920913	0|1	1|0
22	16920986	0|1	1|0
22	16923059	1|0	1|0
22	16931781	0|1	1|0
22	16932865	0|1	1|0
22	16932895	0|1	1|0
22	16933061	0|1	1|0
22	16935836	0|1	1|0
22	16936077	0|0	1|0
22	16937371	0|1	1|0
22	16938922	0|1	1|0
22	16939121	0|1	1|0
22	16939765	0|1	1|0
22	16940186	0|1	1|0
22	16940210	0|1	1|0
22	16940793	0|1	1|0
22	16953666	0|1	1|0
22	16959021	0|1	1|0
22	16962868	0|1	1|0
22	16963452	0|1	1|0
22	16963470	0|1	1|0
22	16966809	0|1	1|0
22	16967698	0|1	1|0
22	17007896	0|0	0|0
22	17013091	0|1	1|0
22	17028735	1|1	1|1
22	17028800	0|1	1|0
22	17032282	0|1	1|0
22	17034945	0|1	1|0
22	17034956	0|1	1|0
22	17035443	0|0	1|0
22	17037779	0|1	1|0
22	17037807	0|1	1|0
22	17043136	0|1	1|0
22	17060409	0|1	1|0
22	17062679	0|1	1|0
22	17071342	0|1	1|0
22	17073475	0|1	1|0
22	17074090	0|1	1|0
22	17074765	0|1	1|0
22	17081260	0|1	1|0
22	17099290	0|1	0|1
22	17119647	0|1	1|0
22	17129250	0|0	0|1
22	17133409	0|1	1|0
22	17154992	0|1	0|0
22	17158848	1|1	1|0
22	17158917	1|1	1|0
22	17161286	1|1	1|0
22	17171725	0|1	1|1
22	17175817	0|1	1|1
22	17175937	0|1	1|0
22	17176028	0|1	1|1
22	17177608	0|1	1|0
22	17177682	0|1	1|0
22	17177746	0|1	1|0
22	17178213	0|1	1|0
22	17178332	0|1	0|1
22	17178479	0|1	1|0
22	17178924	1|1	1|1
22	17178986	1|1	1|1
22	17186250	0|1	1|0
22	17189194	1|1	1|1
22	17195867	1|1	1|1
22	17233173	1|0	0|1
22	17235695	1|0	0|1
22	17236549	1|0	0|1
22	17237374	1|0	0|1
22	17237379	1|0	0|1
22	17239218	1|0	0|1
22	17246149	1|1	1|1
22	17255527	1|1	1|1
22	17256231	1|1	1|1
22	17263854	1|1	1|1
22	17264565	1|1	1|1
22	17268016	1|1	1|1
22	17271155	1|1	1|1
22	17271425	1|1	1|1
22	17271461	1|1	1|1
22	17271652	1|1	1|1
22	17271842	1|1	1|1
22	17272246	1|1	1|1
22	17282045	1|0	0|1
22	17293394	0|1	1|0
22	17294384	0|1	1|0
22	17320781	1|0	0|1
22	17327257	1|0	0|1
22	17331568	0|1	1|0
22	17349305	1|0	0|1
22	17349351	0|1	1|0
22	17360098	0|1	1|0
22	17361925	1|0	0|0
22	17362895	1|0	0|1
22	17363341	0|1	1|0
22	17366334	1|0	0|0
22	17366675	1|0	0|0
22	17376574	1|0	1|0
22	17387323	1|0	1|0
22	17392109	1|0	0|1
22	17401198	0|0	0|1
22	17431101	0|1	0|0
22	17439113	0|1	0|0
22	17445407	0|0	0|1
22	17471914	0|0	0|1
22	17476147	0|0	0|1
22	17479172	0|1	0|0
22	17504948	0|1	1|0
22	17505383	0|1	1|0
22	17507533	0|1	1|0
22	17508264	0|1	1|0
22	17512259	0|1	1|0
22	17514740	1|0	0|1
22	17518716	0|1	0|0
22	17534443	0|1	1|0
22	17538301	0|0	1|0
22	17561569	0|1	0|0
22	17585803	1|0	0|1
22	17593431	1|0	0|1
22	17597501	0|1	0|0
22	17598719	1|0	0|1
22	17617115	1|1	0|1
22	17644476	0|0	1|0
22	17652754	0|0	1|0
22	17659015	0|0	1|0
22	17669497	0|1	0|0
22	17684182	1|0	0|1
22	17687377	1|0	0|1
22	17687585	1|0	0|1
22	17710804	0|0	1|0
22	17720355	0|1	0|0
22	17731243	1|0	0|1
22	17768961	1|0	0|1
22	17807519	1|0	0|1
22	17808574	0|1	0|0
22	17808575	0|0	1|0
22	17819220	1|0	0|0
22	17827558	1|0	0|1
22	17827732	1|0	0|1
22	17828955	1|0	0|1
22	17829758	1|0	0|1
22	17832724	0|0	1|0
22	17848411	0|0	1|0
22	17855181	0|0	1|0
22	17863744	1|1	1|1
22	17887147	0|1	0|1
22	17908564	0|0	0|1
22	17912022	0|0	1|0
22	17916662	0|1	0|1
22	17947794	0|1	0|1
22	17962907	0|1	0|1
22	17967658	0|1	0|1
22	17984815	1|0	0|0
22	17985626	0|1	1|0
22	18012777	0|1	0|1
22	18017112	0|1	0|1
22	18053617	0|1	0|1
22	18065633	0|0	1|0
22	18093040	0|1	0|1
22	18096331	0|1	0|1
22	18113335	0|0	1|0
22	18132981	0|1	0|1
22	18140651	0|1	0|1
22	18146449	0|1	1|1
22	18150291	0|1	1|0
22	18150729	0|1	1|1
22	18163128	0|1	0|1
22	18167624	0|0	1|0
22	18186567	0|0	1|0
22	18205144	0|1	1|0
22	18240249	0|1	0|1
22	18247900	0|0	1|0
22	18251364	0|1	0|1
22	18263106	0|1	0|1
22	18284691	0|1	0|1
22	18287601	0|1	0|1
22	18289875	0|1	0|1
22	18290299	0|1	0|1
22	18290520	0|1	0|1
22	18290522	0|1	0|1
22	18291872	0|1	0|1
22	18293750	0|1	0|1
22	18295558	0|1	0|1
22	18328502	1|0	1|0
22	18338497	1|0	0|0
22	18355887	1|0	0|0
22	18362693	0|0	0|1
22	18376515	1|0	0|0
22	18378456	0|0	0|1
22	18393117	0|1	1|0
22	18395325	1|0	0|0
22	18400651	0|1	1|0
22	18425224	1|0	0|0
22	18437821	0|1	1|0
22	18437823	0|1	1|0
22	18438415	1|0	0|0
22	18442536	1|0	0|0
22	18451224	1|0	0|0
22	18453765	0|1	1|0
22	18459052	0|1	1|0
22	18465802	1|0	0|0
22	18466599	1|0	0|0
22	18476429	1|0	0|0
22	18496882	0|0	0|1
22	18499408	0|0	0|1
22	18499599	0|0	0|1
22	18502566	0|0	0|1
22	18511254	0|0	0|1
22	18512423	0|0	0|1
22	18514671	0|0	0|1
22	18515081	0|0	0|1
22	18529849	1|0	0|0
22	18543413	0|1	0|1
22	18547492	0|0	0|1
22	18547808	0|0	0|1
22	18549524	0|0	0|1
22	18550180	0|0	0|1
22	18552227	0|0	0|1
22	18567003	1|1	1|1
22	18592194	0|1	1|0
22	18602653	0|1	1|0
22	18638500	0|0	0|1
22	18641815	0|0	0|1
22	18652972	0|0	0|1
22	18668309	1|0	0|0
22	18668944	0|0	0|0
22	18712835	1|0	0|1
22	18727081	1|0	0|1
22	18767081	1|0	0|1
22	18769324	1|0	0|1
22	18770616	0|1	0|0
22	18778752	1|0	0|0
22	18787318	0|0	1|0
22	18833578	1|1	1|0
22	18833583	1|1	1|0
22	18842312	1|0	1|0
22	18842481	1|0	1|0
22	18851469	0|0	0|0
22	18873766	1|0	0|1
22	18874391	1|0	0|1
22	18875342	1|0	0|1
22	18875347	1|0	0|1
22	18875404	1|0	0|1
22	18875662	1|0	0|1
22	18875668	1|0	0|1
22	18875727	1|0	0|1
22	18875755	1|0	0|1
22	18875832	1|0	0|1
22	18876205	1|0	0|1
22	18876647	1|0	0|1
22	18876830	1|0	0|1
22	18877452	1|0	0|1
22	18877454	1|0	0|1
22	18878517	0|0	0|0
22	18879978	0|0	1|0
22	18880285	0|0	0|0
22	18880305	1|0	0|0
22	18884370	1|0	0|1
22	18885030	1|0	0|1
22	18885988	1|0	0|1
22	18886132	1|0	0|1
22	18886500	1|0	0|1
22	18886504	1|0	0|1
22	18886505	1|0	0|1
22	18889317	1|0	0|1
22	18898487	1|0	0|1
22	18904326	1|0	0|1
22	18919856	0|1	0|0
22	18955595	0|0	1|0
22	18964796	1|0	0|1
22	18966971	1|0	0|1
22	18995855	0|0	1|0
22	19006750	0|0	1|0
22	19012000	0|1	0|0
22	19019838	0|0	1|0
22	19021592	1|0	0|1
22	19021631	1|0	0|1
22	19021816	0|0	1|0
22	19037685	0|1	0|0
22	19069386	0|1	0|0
22	19077727	0|1	0|0
22	19081551	1|0	0|0
22	19090250	0|1	0|0
22	19126014	0|1	0|0
22	19140162	1|0	0|1
22	19140467	1|0	0|1
22	19141991	1|0	0|1
22	19147367	0|1	0|0
22	19148608	0|0	1|0
22	19149478	1|0	0|1
22	19171615	1|0	0|1
22	19234780	1|0	0|1
22	19263266	1|0	0|1
22	19270139	1|0	0|1
22	19270834	1|0	0|1
22	19384604	1|0	0|1
22	19424930	0|0	1|0
22	19428943	1|1	0|1
22	19437324	1|1	0|1
22	19441224	1|1	0|1
22	19441569	1|1	0|1
22	19445101	1|1	0|1
22	19450951	1|1	0|1
22	19460468	1|1	0|1
22	19467462	1|1	0|1
22	19470249	0|0	1|0
22	19476062	0|0	1|0
22	19484410	1|1	0|1
22	19485400	1|1	0|1
22	19486493	1|0	0|1
22	19490478	1|1	0|1
22	19490853	1|1	0|1
22	19491909	1|1	0|1
22	19498581	1|1	0|1
22	19499000	1|1	0|1
22	19499008	1|1	0|1
22	19499081	1|1	0|1
22	19505531	1|1	0|1
22	19505807	1|1	0|1
22	19507152	1|1	0|1
22	19515244	1|1	0|1
22	19515495	1|1	0|1
22	19515778	1|1	0|1
22	19515911	1|1	0|1
22	19516074	1|1	0|1
22	19516556	1|1	0|1
22	19517832	1|1	0|1
22	19521788	1|1	0|1
22	19522011	1|1	0|1
22	19533898	1|1	0|1
22	19538809	0|0	1|0
22	19575284	1|1	0|1
22	19575811	0|0	1|0
22	19581164	0|0	1|0
22	19617641	0|0	1|0
22	19618768	0|0	1|0
22	19641612	0|1	0|0
22	19642918	0|1	0|0
22	19643304	0|1	0|0
22	19644224	0|1	0|0
22	19645068	0|1	0|0
22	19648551	0|1	0|0
22	19648553	0|1	0|0
22	19649127	0|1	0|0
22	19650135	0|1	0|0
22	19650445	0|1	0|0
22	19653801	0|0	1|0
22	19654820	0|1	0|0
22	19655385	0|1	0|0
22	19655553	0|1	0|0
22	19657454	0|1	0|0
22	19696299	0|1	0|0
22	19697199	0|0	0|1
22	19713235	0|0	0|1
22	19713470	0|0	0|1
22	19714784	0|1	0|0
22	19722339	0|1	0|0
22	19735007	1|0	0|1
22	19740870	1|0	1|0
22	19741782	0|1	0|0
22	19741995	0|1	0|0
22	19742208	1|0	1|0
22	19757448	1|0	1|0
22	19766492	1|0	1|0
22	19767864	1|0	1|0
22	19768482	1|0	1|0
22	19768580	1|0	1|0
22	19771075	1|0	1|0
22	19772746	1|0	1|0
22	19772824	1|0	1|0
22	19773263	1|0	1|0
22	19777192	1|0	1|0
22	19777212	1|0	1|0
22	19777436	1|0	1|0
22	19777677	1|0	1|0
22	19777791	1|0	1|0
22	19778333	1|0	1|0
22	19778582	1|0	1|0
22	19778890	1|0	1|0
22	19779415	1|0	1|0
22	19780010	1|0	1|0
22	19788064	1|0	1|0
22	19788498	0|1	0|0
22	19790361	1|0	1|0
22	19792619	1|0	1|0
22	19793080	1|0	1|0
22	19793289	1|0	1|0
22	19793300	1|0	1|0
22	19793758	1|0	1|0
22	19795012	1|0	1|0
22	19795572	1|0	1|0
22	19796694	1|0	1|0
22	19798241	0|0	0|1
22	19799174	0|1	0|0
22	19800154	1|0	1|0
22	19800227	1|0	1|0
22	19800436	1|0	1|0
22	19800462	1|0	1|0
22	19800557	1|0	1|0
22	19802867	1|0	1|0
22	19803683	1|0	1|0
22	19804359	1|0	1|0
22	19807687	1|0	1|0
22	19808021	1|0	1|0
22	19809420	0|1	0|0
22	19810128	0|1	0|0
22	19819703	0|0	0|1
22	19837185	0|0	0|1
22	19841021	1|0	1|0
22	19850650	1|0	1|0
22	19854492	1|0	1|0
22	19884754	0|1	0|0
22	19890449	0|0	0|1
22	19923750	1|0	1|0
22	19931939	0|1	0|0
22	19938273	1|0	1|0
22	19953899	1|0	1|0
22	19955220	0|1	0|0
22	19955349	0|1	0|0
22	19960375	0|1	0|0
22	19961101	1|0	1|0
22	19963423	1|0	1|0
22	19967226	1|0	1|0
22	19967248	1|0	1|0
22	19969725	1|0	1|0
22	19970166	1|0	1|0
22	19972365	1|0	1|0
22	19976364	1|0	1|0
22	19979266	1|0	1|0
22	19979933	1|0	1|0
22	19981553	1|0	1|0
22	19981694	1|0	1|0
22	19982694	1|0	1|0
22	19984027	1|0	1|0
22	19984203	1|0	1|0
22	19984301	1|0	1|0
22	19984566	1|0	1|0
22	19985744	1|0	1|0
22	19986309	1|0	1|0
22	19988258	1|0	1|0
22	19991463	1|0	1|0
22	19994833	1|0	1|0
22	19996569	0|0	0|1
22	19998381	1|0	1|0
22	19998963	1|0	1|0
22	19999271	1|0	1|0
22	19999608	1|0	1|0
22	19999613	1|0	1|0
22	20001822	1|0	0|1
22	20002231	1|0	0|1
22	20003152	1|0	0|1
22	20004163	1|0	0|1
22	20006712	1|0	0|1
22	20014404	1|0	0|1
22	20015511	1|0	0|1
22	20017371	1|0	0|1
22	20017553	1|0	0|1
22	20018131	1|0	0|1
22	20021732	1|0	0|1
22	20022296	1|0	0|1
22	20023087	1|0	0|1
22	20023444	1|0	0|1
22	20023731	1|0	0|1
22	20026792	1|0	0|1
22	20036114	0|0	1|0
22	20043806	1|0	0|1
22	20048265	1|0	0|1
22	20052043	0|1	0|0
22	20118921	1|0	0|1
22	20138082	1|0	0|1
22	20173950	1|0	0|1
22	20196765	0|1	0|0
22	20197457	0|1	0|0
22	20201284	1|0	0|1
22	20208291	0|1	0|0
22	20212447	1|1	1|1
22	20219915	1|1	1|0
22	20223037	1|0	0|0
22	20225782	0|1	1|0
22	20226683	0|1	1|0
22	20226789	0|1	1|0
22	20231539	1|0	0|0
22	20233206	0|0	0|1
22	20245481	1|0	0|0
22	20266528	0|0	0|1
22	20280439	0|0	0|1
22	20280782	0|0	0|1
22	20281341	0|0	0|1
22	20282774	0|0	0|1
22	20283700	0|1	1|1
22	20283732	0|0	0|1
22	20294962	0|0	0|1
22	20295526	0|0	0|1
22	20301346	0|0	0|1
22	20302276	0|0	0|1
22	20303664	0|0	0|1
22	20304106	0|0	0|1
22	20304116	0|0	0|1
22	20304576	0|0	0|1
22	20305357	0|0	0|1
22	20307346	0|0	0|1
22	20307603	0|0	0|1
22	20308751	0|0	0|1
22	20308800	0|0	0|1
22	20308929	0|0	0|1
22	20335225	1|1	1|1
22	20342336	0|0	0|1
22	20362882	1|1	1|1
22	20363730	1|1	1|1
22	20375542	0|0	0|0
22	20378808	0|0	0|0
22	20383674	1|0	1|0
22	20388698	1|1	1|1
22	20390126	1|1	1|1
22	20396614	1|1	1|1
22	20464948	1|1	0|0
22	20612962	1|0	1|0
22	20627062	1|0	1|0
22	20629154	1|0	1|0
22	20630754	1|0	0|1
22	20650772	1|0	1|0
22	20659522	1|1	1|1
22	20671529	1|0	1|0
22	20709231	1|0	1|0
22	20709307	1|1	1|1
22	20709308	1|1	1|1
22	20709744	0|0	0|0
22	20710637	1|0	1|0
22	20711435	0|1	0|0
22	20711478	1|0	1|0
22	20715508	1|0	1|0
22	20717803	0|0	1|0
22	20718116	0|0	1|0
22	20718779	1|0	0|0
22	20761566	0|0	1|0
22	20764538	0|0	1|0
22	20770054	1|0	0|1
22	20774808	1|0	0|1
22	20777533	1|0	0|1
22	20777941	1|0	0|1
22	20797460	0|0	1|0
22	20801071	0|1	0|0
22	20859378	1|0	0|1
22	20859940	1|0	0|1
22	20890548	0|1	0|0
22	20892430	0|0	1|0
22	20893085	0|1	0|0
22	20912209	1|0	0|1
22	20914358	0|1	0|0
22	20922403	0|1	0|0
22	20938905	0|1	0|0
22	20952088	1|1	1|1
22	20956000	0|1	1|0
22	20977048	0|1	1|0
22	20991232	0|1	1|0
22	20999980	0|1	1|0
22	21030108	0|1	1|1
22	21039026	0|1	1|0
22	21044973	0|1	1|0
22	21054375	0|1	1|1
22	21064203	0|1	1|0
22	21064209	0|1	1|0
22	21078991	0|1	0|0
22	21091129	0|1	0|0
22	21145283	0|1	0|0
22	21150162	1|0	0|0
22	21169667	0|1	0|0
22	21220478	0|1	1|0
22	21256107	0|1	1|0
22	21315502	0|0	1|0
22	21324202	1|0	0|0
22	21416315	0|1	0|1
22	21423109	0|1	0|1
22	21430376	0|0	1|0
22	21435268	1|0	0|0
22	21456062	0|1	0|0
22	21537898	0|0	1|0
22	21554105	0|1	0|0
22	21558437	0|1	0|1
22	21558486	0|1	0|1
22	21558524	0|0	0|0
22	21559212	0|1	0|1
22	21560201	0|1	0|1
22	21560491	0|1	0|1
22	21566862	0|0	0|1
22	21566897	0|1	0|1
22	21566898	0|1	0|1
22	21570747	0|1	0|1
22	21575393	0|1	0|1
22	21580126	0|1	0|0
22	21581873	0|1	0|1
22	21710067	1|0	1|0
22	21711654	1|0	1|0
22	21726238	1|1	1|1
22	21732195	1|1	1|0
22	21732210	1|1	1|0
22	21747094	1|1	1|1
22	21808094	0|0	1|0
22	21844315	1|1	1|1
22	21912556	0|1	1|0
22	21914206	0|1	1|0
22	21923719	0|1	1|0
22	21926966	0|1	1|0
22	21932270	0|1	1|0
22	21932561	0|1	1|0
22	21936240	0|1	1|0
22	21941488	0|1	1|0
22	21952408	0|1	1|0
22	21953705	0|1	1|0
22	21957989	0|1	1|0
22	21960604	0|1	1|0
22	21963345	0|1	1|0
22	21963521	0|1	1|0
22	21964037	0|1	1|0
22	21965834	0|1	1|0
22	21966769	0|1	1|0
22	21966913	0|1	1|0
22	21971292	0|1	1|0
22	21973494	1|0	0|0
22	21977398	0|0	0|1
22	21978615	0|1	1|0
22	21980078	0|1	1|0
22	21981491	0|1	1|0
22	21981534	0|1	1|0
22	21983766	0|1	1|0
22	21984568	0|1	1|0
22	21985119	0|1	1|0
22	21986101	0|1	1|0
22	21989142	0|1	1|0
22	21990823	0|1	1|0
22	21991120	0|1	1|0
22	21994044	0|1	1|0
22	21998721	0|1	1|0
22	22000006	0|1	1|0
22	22000109	0|1	1|0
22	22017771	1|0	0|0
22	22019247	1|0	0|0
22	22045530	0|0	0|1
22	22048851	0|1	1|0
22	22063276	0|1	1|0
22	22064213	1|0	0|0
22	22075419	0|1	1|0
22	22077224	0|1	1|0
22	22077719	0|1	1|0
22	22079226	0|1	1|0
22	22081867	0|1	1|0
22	22082018	0|1	1|0
22	22082820	0|1	1|0
22	22084890	0|1	1|0
22	22090428	0|1	1|0
22	22091957	0|1	1|1
22	22092265	0|1	1|1
22	22094016	0|1	1|1
22	22094880	0|1	1|1
22	22099295	0|1	1|1
22	22100288	0|1	1|1
22	22100718	0|1	1|1
22	22101081	0|1	1|1
22	22101092	0|1	1|1
22	22101375	0|1	1|1
22	22102251	0|1	1|1
22	22103033	0|1	1|1
22	22103423	0|1	1|1
22	22109922	0|1	1|1
22	22111900	0|1	1|1
22	22113688	0|1	1|1
22	22113887	0|1	1|1
22	22121327	0|0	0|1
22	22124025	1|0	0|0
22	22124711	0|1	1|1
22	22127413	0|1	1|0
22	22127490	0|0	0|1
22	22130051	0|0	0|1
22	22132311	0|1	1|1
22	22133788	0|0	0|1
22	22134691	1|0	0|0
22	22141825	0|0	0|1
22	22145282	0|0	0|1
22	22148611	0|0	0|1
22	22148699	0|0	0|1
22	22153239	0|0	0|1
22	22157060	0|0	0|1
22	22159770	0|1	0|1
22	22159930	1|0	0|0
22	22161596	1|0	0|0
22	22163246	0|0	0|1
22	22163633	0|0	0|1
22	22164456	1|0	0|0
22	22164719	0|1	1|0
22	22167472	0|0	0|1
22	22168051	0|0	0|1
22	22169057	0|0	0|1
22	22173358	0|0	0|1
22	22177294	0|1	1|0
22	22183980	0|0	0|1
22	22184783	0|0	0|1
22	22185883	0|0	0|1
22	22186442	0|0	0|1
22	22187385	0|0	0|1
22	22190065	0|0	0|1
22	22191575	0|0	0|1
22	22201973	0|0	0|1
22	22205932	0|0	0|1
22	22210145	0|0	0|1
22	22212974	0|0	0|1
22	22214572	0|0	0|1
22	22216376	0|1	1|0
22	22216457	0|0	0|1
22	22217049	0|0	0|1
22	22220816	0|0	0|1
22	22220876	0|0	0|1
22	22227480	0|0	0|1
22	22228080	0|0	0|1
22	22229207	0|0	0|1
22	22230516	0|1	1|0
22	22232531	0|1	0|1
22	22234038	0|0	0|1
22	22234414	0|0	0|1
22	22238848	0|0	0|1
22	22241491	0|0	0|1
22	22247673	0|0	0|1
22	22251514	0|0	0|1
22	22253023	0|0	0|1
22	22257652	0|0	0|1
22	22262261	0|0	0|1
22	22265288	0|0	0|1
22	22268520	0|0	0|1
22	22272450	0|0	0|1
22	22274211	0|0	0|1
22	22275006	0|0	0|1
22	22277122	0|0	0|1
22	22277571	0|0	0|1
22	22278769	0|0	0|1
22	22279552	0|0	0|1
22	22284822	0|1	1|0
22	22289180	0|0	0|1
22	22291196	0|0	0|1
22	22295754	0|0	0|1
22	22302690	0|0	0|1
22	22304458	0|0	0|1
22	22307996	0|1	1|0
22	22308608	0|0	0|1
22	22312484	0|0	0|1
22	22316157	0|0	0|1
22	22318480	0|0	0|1
22	22322177	0|0	0|1
22	22322270	0|0	0|1
22	22324032	0|0	0|1
22	22327230	0|0	0|1
22	22327787	0|0	0|1
22	22333025	0|0	0|1
22	22335639	0|0	0|1
22	22336790	0|0	0|1
22	22340379	0|0	0|1
22	22341979	0|0	0|1
22	22342074	0|0	0|1
22	22342992	0|0	0|1
22	22343054	0|0	0|1
22	22349943	1|0	0|0
22	22363516	1|0	0|0
22	22373889	1|0	0|0
22	22428238	0|0	0|1
22	22442525	0|0	0|1
22	22445396	0|0	0|1
22	22448660	0|0	0|1
22	22470394	0|0	0|1
22	22481298	0|1	1|0
22	22483512	0|1	1|0
22	22523514	0|1	1|0
22	22525016	0|0	0|1
22	22535117	0|1	1|0
22	22538948	0|0	0|1
22	22556698	0|0	0|1
22	22571613	0|1	1|0
22	22592067	0|1	1|0
22	22631305	0|1	1|0
22	22650127	0|1	1|0
22	22659650	0|1	1|0
22	22664534	0|1	1|0
22	22664538	0|1	1|0
22	22676461	1|0	0|0
22	22687893	0|1	0|0
22	22696066	1|0	0|0
22	22696409	0|1	1|0
22	22736716	1|1	1|0
22	22741239	1|1	1|0
22	22757179	0|1	1|0
22	22767029	0|1	1|0
22	22767497	0|1	1|0
22	22767674	1|0	0|0
22	22768777	0|1	1|0
22	22768779	0|1	0|1
22	22771463	0|1	1|0
22	22774113	0|1	1|0
22	22775339	0|1	1|0
22	22776301	0|0	0|1
22	22778836	0|1	1|0
22	22793745	1|0	0|0
22	22799580	1|0	0|0
22	22811601	0|0	0|1
22	22818121	0|1	1|0
22	22837001	1|0	0|0
22	22842007	1|0	0|0
22	22852191	1|0	0|0
22	22853668	0|1	1|1
22	22861873	0|1	1|1
22	22867837	0|1	1|1
22	22877117	0|1	1|0
22	22899905	1|1	1|0
22	22906225	0|1	1|0
22	22906395	0|1	0|1
22	22921481	0|1	1|0
22	22974357	1|0	1|0
22	22974983	0|0	1|0
22	22978452	1|0	1|0
22	22982150	0|1	1|0
22	22988278	0|1	1|0
22	22990556	0|1	1|0
22	22991309	0|1	1|0
22	22992045	0|1	0|0
22	22996930	0|1	1|0
22	22997135	0|1	1|0
22	22997321	0|1	1|0
22	22997626	0|1	1|0
22	23026685	0|1	1|0
22	23033630	1|0	0|0
22	23058270	0|1	1|0
22	23093031	1|0	1|0
22	23123216	1|0	0|0
22	23156582	1|0	1|0
22	23173780	1|1	0|1
22	23196069	0|0	0|1
22	23218919	0|0	1|0
22	23254219	0|0	0|1
22	23303170	0|0	0|1
22	23341288	1|0	1|0
22	23355530	1|1	1|0
22	23361826	0|0	0|1
22	23366066	0|1	0|0
22	23443022	0|0	0|1
22	23460443	0|1	0|0
22	23488578	0|0	0|1
22	23488775	1|0	1|0
22	23513544	0|0	0|1
22	23522952	0|0	0|1
22	23561186	0|1	0|0
22	23565281	0|1	0|0
22	23571933	0|0	0|1
22	23580732	0|1	0|1
22	23585867	1|0	1|0
22	23588418	0|1	0|0
22	23592166	1|0	1|0
22	23660924	1|0	1|0
22	23663997	1|0	1|0
22	23699160	0|1	0|0
22	23704980	1|0	1|0
22	23709411	1|0	1|0
22	23722105	1|0	1|0
22	23731142	1|0	1|0
22	23735466	1|0	1|0
22	23738694	1|0	1|0
22	23751943	0|0	0|1
22	23752381	1|0	1|0
22	23756650	1|0	1|0
22	23764992	1|0	1|0
22	23772200	1|0	1|0
22	23785799	1|1	1|1
22	23785821	1|0	1|0
22	23786497	1|0	1|0
22	23813589	0|1	0|0
22	23849126	0|0	1|0
22	23851864	0|1	0|0
22	23852526	0|0	0|1
22	23852645	1|0	1|0
22	23873845	1|0	1|0
22	23875885	1|0	1|0
22	23889884	1|0	1|0
22	23891495	1|0	1|0
22	23908361	1|0	1|0
22	23909512	1|0	1|0
22	23909773	1|0	1|0
22	23912364	1|0	1|0
22	23912444	0|1	1|0
22	23912806	1|0	1|0
22	23917751	1|0	1|0
22	23918156	1|0	1|0
22	23918282	1|0	1|0
22	23918297	1|0	1|0
22	23924742	0|1	0|0
22	23925031	0|0	0|1
22	23929782	1|0	1|0
22	23934129	1|0	1|0
22	23934280	1|0	1|0
22	23935777	1|0	1|0
22	23940479	1|0	1|0
22	23940480	1|0	1|0
22	23952222	1|0	1|0
22	23953831	1|0	1|0
22	24006921	1|0	1|0
22	24018473	0|1	0|1
22	24037130	0|1	0|0
22	24049245	0|0	0|1
22	24064827	1|0	1|0
22	24074919	0|0	0|1
22	24094942	1|0	1|0
22	24112957	0|0	0|1
22	24121067	0|0	0|1
22	24125892	0|1	0|1
22	24151758	0|1	0|0
22	24152714	1|1	1|1
22	24172836	0|1	0|1
22	24179756	0|1	0|1
22	24187578	1|0	1|0
22	24202219	1|0	0|0
22	24212360	1|0	0|1
22	24224651	1|0	1|0
22	24268451	0|1	0|0
22	24280029	1|0	1|0
22	24288763	0|0	0|1
22	24301776	1|0	0|1
22	24333305	0|1	0|0
22	24342730	0|0	0|0
22	24353392	0|0	1|1
22	24366720	1|1	1|1
22	24366728	1|1	1|1
22	24366742	1|1	1|1
22	24366747	1|1	1|1
22	24366812	1|1	1|1
22	24366820	1|1	1|1
22	24366843	1|1	1|1
22	24367028	1|1	1|1
22	24438699	0|1	0|0
22	24483117	0|0	1|0
22	24489789	1|0	0|1
22	24513251	0|0	1|0
22	24541580	1|0	0|1
22	24578965	0|0	1|0
22	24580616	1|0	0|1
22	24580897	0|0	1|0
22	24582080	1|0	0|1
22	24586137	0|1	0|0
22	24586139	0|1	0|0
22	24586141	0|1	0|0
22	24588810	0|0	1|0
22	24617550	0|0	1|0
22	24618750	0|1	0|0
22	24621703	0|1	0|0
22	24624231	1|0	0|1
22	24633690	0|1	0|0
22	24637611	1|0	0|1
22	24640234	1|0	0|1
22	24644625	0|0	1|0
22	24646184	1|0	0|1
22	24658611	1|0	0|1
22	24665983	1|0	0|1
22	24666329	0|1	0|0
22	24667253	0|1	0|0
22	24671520	1|0	0|1
22	24690850	1|0	0|1
22	24696154	0|1	0|0
22	24697884	0|1	0|0
22	24717510	1|0	0|1
22	24755114	0|1	0|0
22	24787635	0|0	1|0
22	24789807	1|0	0|1
22	24794740	1|0	0|1
22	24836959	1|0	0|0
22	24858503	1|0	0|1
22	24889143	0|1	1|0
22	24911836	1|0	0|1
22	24929074	0|0	1|0
22	24930972	0|0	1|0
22	24937409	1|0	0|1
22	24981938	1|0	0|1
22	24997146	1|0	0|1
22	25003413	1|0	0|1
22	25004095	0|0	0|0
22	25006161	1|0	0|1
22	25006317	1|0	0|1
22	25006356	0|1	0|0
22	25007008	0|0	1|0
22	25010828	1|0	0|1
22	25010979	0|0	0|1
22	25011417	1|0	0|1
22	25017036	1|0	0|1
22	25023306	0|1	1|0
22	25023324	0|1	1|0
22	25023492	0|0	1|0
22	25023619	0|0	1|0
22	25023790	1|0	0|1
22	25023793	1|0	0|1
22	25023794	1|0	0|1
22	25023903	0|0	0|1
22	25024076	1|0	0|1
22	25024503	1|0	0|1
22	25024770	1|0	0|1
22	25031722	1|0	0|1
22	25031803	1|0	0|1
22	25033781	1|0	0|1
22	25043787	0|1	1|0
22	25056893	0|0	0|1
22	25065664	0|1	1|0
22	25065673	0|1	1|0
22	25070010	1|1	1|0
22	25089297	1|0	0|0
22	25127477	0|1	1|0
22	25138118	0|1	1|1
22	25143073	0|1	1|0
22	25150440	1|0	0|0
22	25153046	1|1	1|1
22	25181289	0|0	0|1
22	25198799	0|1	1|0
22	25209481	0|0	0|1
22	25211480	0|0	0|1
22	25213586	0|0	0|1
22	25214697	1|0	0|0
22	25214733	0|0	0|1
22	25216826	0|0	0|1
22	25217242	0|0	0|1
22	25217982	0|0	0|1
22	25225233	1|0	0|0
22	25227302	1|0	0|0
22	25227670	1|0	0|0
22	25227883	1|0	0|0
22	25228577	1|0	0|0
22	25228716	1|0	0|0
22	25233123	1|0	0|0
22	25235899	1|0	1|1
22	25236999	1|0	0|0
22	25237001	1|0	0|0
22	25260922	0|0	0|1
22	25267194	1|0	0|0
22	25267195	1|0	0|0
22	25287726	0|1	1|0
22	25305421	0|0	0|1
22	25314152	1|0	0|0
22	25323602	0|1	1|1
22	25334024	0|1	1|0
22	25335891	0|1	1|1
22	25365828	0|0	0|1
22	25367741	0|1	1|0
22	25411532	0|1	1|1
22	25411878	0|1	1|1
22	25413931	0|1	1|1
22	25414047	0|1	1|1
22	25414064	0|1	1|1
22	25414164	0|1	1|1
22	25414199	0|1	1|1
22	25414428	0|1	1|1
22	25415632	1|1	1|1
22	25416023	0|1	1|1
22	25426113	1|1	1|1
22	25453554	1|1	1|1
22	25454580	0|1	0|1
22	25456306	0|1	1|1
22	25460507	0|1	0|0
22	25481418	0|1	0|1
22	25491551	0|0	1|0
22	25496182	0|1	0|1
22	25497771	0|1	0|1
22	25499691	1|0	0|0
22	25500950	1|0	0|0
22	25510538	0|1	0|1
22	25516689	0|0	1|0
22	25530896	0|1	0|1
22	25535677	0|1	0|1
22	25571815	1|0	0|0
22	25574685	0|1	0|1
22	25578183	0|0	1|0
22	25582726	1|0	0|0
22	25585986	0|0	1|0
22	25600577	0|1	0|1
22	25601465	0|1	0|1
22	25604114	0|1	0|1
22	25613839	0|1	0|1
22	25618615	0|1	0|1
22	25619617	0|1	0|1
22	25633791	0|1	0|1
22	25635632	0|0	1|0
22	25640781	0|1	0|1
22	25641403	0|0	1|0
22	25663351	0|1	0|1
22	25665997	1|1	1|1
22	25684285	1|1	1|1
22	25684399	1|1	1|1
22	25684612	0|1	1|1
22	25684626	1|1	1|1
22	25686047	1|1	1|1
22	25695708	1|0	0|0
22	25700230	0|1	0|1
22	25716759	1|0	0|0
22	25718942	1|0	0|0
22	25720242	0|1	0|1
22	25720785	0|1	1|0
22	25726813	0|1	1|1
22	25728294	0|1	1|1
22	25735462	1|0	0|0
22	25740628	0|1	0|1
22	25758845	1|0	0|0
22	25759559	0|1	0|1
22	25763845	0|1	0|1
22	25788388	0|0	1|0
22	25790365	0|1	0|1
22	25800592	0|1	1|1
22	25803091	0|1	1|1
22	25808851	0|1	0|1
22	25852834	0|1	1|0
22	25854390	0|1	1|0
22	25880883	0|1	0|1
22	25893835	1|1	1|0
22	25902278	0|1	1|0
22	25922625	1|0	0|1
22	25941452	0|1	1|0
22	25967474	0|1	0|0
22	25978464	0|1	1|0
22	25980444	0|1	1|0
22	26056434	0|0	0|1
22	26074423	0|1	1|0
22	26082911	0|0	0|1
22	26091690	0|1	1|0
22	26149878	0|1	1|0
22	26154263	1|0	0|0
22	26159696	0|0	0|1
22	26168857	0|1	1|0
22	26181164	1|0	0|0
22	26186666	0|1	1|0
22	26188399	0|1	1|0
22	26215483	0|1	1|0
22	26283255	1|0	0|0
22	26283320	1|0	0|0
22	26285895	0|1	1|0
22	26286738	1|0	0|0
22	26290726	1|0	0|0
22	26290762	1|0	0|0
22	26290851	1|0	0|0
22	26291452	1|0	0|0
22	26291757	1|0	0|0
22	26292417	0|0	0|1
22	26292990	1|0	0|0
22	26294731	1|0	0|0
22	26294748	0|0	0|1
22	26295229	1|0	0|0
22	26295263	1|0	0|0
22	26295766	1|1	1|1
22	26298162	1|0	0|0
22	26298181	1|0	0|0
22	26298268	1|0	0|0
22	26299725	1|0	0|0
22	26302083	1|0	0|0
22	26305856	1|0	0|0
22	26306348	1|0	0|0
22	26307801	1|0	0|0
22	26308968	1|0	0|0
22	26311502	1|0	0|0
22	26313512	1|0	0|0
22	26316211	0|1	1|0
22	26321900	1|0	0|0
22	26323889	1|0	0|0
22	26324753	1|0	0|0
22	26324916	1|0	0|0
22	26326222	1|0	0|0
22	26327230	1|0	0|0
22	26368659	1|0	0|0
22	26379837	1|0	0|0
22	26380058	1|0	0|0
22	26389510	1|0	0|0
22	26391156	1|0	0|0
22	26394951	1|0	0|0
22	26395647	1|0	0|0
22	26396280	1|0	0|0
22	26396709	1|0	0|0
22	26397504	1|0	0|0
22	26398122	1|0	0|0
22	26398609	0|0	0|1
22	26398878	1|0	0|0
22	26400525	1|0	0|0
22	26402914	1|0	0|0
22	26404574	1|0	0|0
22	26405526	1|0	0|0
22	26406136	1|0	0|0
22	26406937	1|0	0|0
22	26406991	1|0	0|0
22	26407957	1|0	0|0
22	26410979	0|1	1|0
22	26413928	1|0	0|1
22	26423087	0|1	1|0
22	26427848	0|1	1|0
22	26428492	0|1	1|0
22	26431891	1|0	0|0
22	26433781	1|0	0|0
22	26467403	0|1	0|0
22	26555239	0|0	1|0
22	26570164	0|0	1|0
22	26612111	0|1	0|1
22	26615287	0|1	0|1
22	26637256	1|0	0|0
22	26642068	0|0	1|0
22	26659335	0|1	0|1
22	26695920	1|0	0|0
22	26793074	1|0	0|0
22	26798266	1|0	0|0
22	26804053	1|0	0|0
22	26806186	1|0	0|0
22	26807502	0|1	1|0
22	26815145	0|1	1|0
22	26854053	0|0	0|1
22	26861721	0|0	0|1
22	26908970	1|0	0|0
22	26911547	1|0	0|0
22	26914982	0|1	1|0
22	26917396	0|1	1|0
22	26919944	0|1	1|0
22	26928481	1|0	0|0
22	26951127	0|0	1|0
22	26959456	0|0	1|0
22	26962278	0|0	1|0
22	26965210	0|0	1|0
22	26987497	0|0	1|0
22	26993993	0|0	1|0
22	27002648	0|0	1|0
22	27027168	0|0	1|0
22	27028225	0|0	1|0
22	27033968	0|0	1|0
22	27039347	1|0	0|0
22	27042552	1|0	0|0
22	27045955	1|0	0|0
22	27046180	1|0	0|0
22	27052449	1|0	0|0
22	27052557	1|0	0|0
22	27055630	0|1	0|0
22	27056363	0|1	0|1
22	27062928	1|0	0|0
22	27065368	1|0	0|0
22	27068998	1|0	0|0
22	27070304	1|0	0|0
22	27091134	1|0	1|1
22	27116708	1|0	1|0
22	27116710	1|0	1|0
22	27117614	0|0	1|0
22	27126404	0|0	1|0
22	27193283	0|1	0|1
22	27196268	0|1	0|1
22	27198514	0|1	0|0
22	27200816	0|0	1|0
22	27239154	0|1	0|1
22	27262665	0|1	0|1
22	27302652	1|0	0|0
22	27308768	1|0	0|0
22	27309141	1|0	0|0
22	27314152	1|0	0|1
22	27315314	0|1	1|0
22	27316452	1|0	0|0
22	27317240	0|1	1|0
22	27317317	0|1	1|0
22	27317909	1|0	0|0
22	27319408	1|0	0|0
22	27323116	1|0	0|0
22	27324875	0|1	1|0
22	27333758	1|0	0|0
22	27340003	1|0	0|0
22	27344354	1|0	0|0
22	27364426	1|0	0|0
22	27364454	1|0	0|0
22	27385427	0|1	1|0
22	27407014	1|0	0|0
22	27407180	1|0	0|0
22	27408622	1|0	0|0
22	27409289	1|0	0|0
22	27409693	1|0	0|0
22	27411095	1|0	0|0
22	27411373	1|0	0|0
22	27411595	1|0	0|0
22	27417594	1|0	0|0
22	27418825	1|0	0|0
22	27421517	0|0	0|1
22	27427109	1|0	0|0
22	27437755	0|0	0|1
22	27452343	1|0	0|0
22	27454825	1|0	0|0
22	27459466	1|0	0|0
22	27472904	0|1	1|1
22	27476665	0|1	1|1
22	27477917	0|1	1|1
22	27484402	0|1	1|1
22	27484801	0|1	1|1
22	27488190	0|1	1|1
22	27489257	0|1	1|1
22	27489350	0|1	1|1
22	27489578	0|1	1|1
22	27492633	0|1	1|1
22	27493601	0|1	1|1
22	27493734	0|1	1|1
22	27495941	0|1	1|1
22	27496238	0|1	1|1
22	27501946	0|0	0|1
22	27507864	0|0	0|1
22	27519261	0|1	1|0
22	27525464	0|1	1|0
22	27533768	1|0	0|0
22	27535704	1|0	0|0
22	27536861	1|0	0|0
22	27537289	1|0	0|0
22	27538324	1|0	0|0
22	27571420	1|0	0|0
22	27571605	0|0	0|1
22	27590093	0|1	1|0
22	27590647	0|1	1|0
22	27591348	0|1	1|0
22	27594098	0|1	1|0
22	27598178	1|0	0|0
22	27610825	0|0	0|1
22	27619180	1|0	0|0
22	27624890	1|0	0|0
22	27626599	1|0	0|0
22	27627497	1|0	0|0
22	27630395	1|0	0|0
22	27630974	0|1	0|1
22	27632654	1|0	0|0
22	27632675	0|1	1|0
22	27644333	0|1	1|0
22	27644893	1|0	0|0
22	27644942	0|1	1|0
22	27650800	0|0	0|1
22	27653378	0|0	0|1
22	27655805	0|1	1|0
22	27656597	0|1	1|0
22	27658543	0|0	0|1
22	27685824	0|1	1|0
22	27696209	0|0	0|1
22	27710397	0|0	0|1
22	27712828	0|0	0|1
22	27715100	0|0	0|1
22	27716141	0|0	0|1
22	27716561	0|0	0|1
22	27718208	0|0	0|1
22	27718454	0|0	0|1
22	27718930	0|0	0|1
22	27721227	0|0	0|1
22	27722314	0|0	0|1
22	27722581	0|0	0|1
22	27723092	0|0	0|1
22	27723593	0|0	0|1
22	27723660	0|0	0|1
22	27724170	0|0	0|1
22	27725239	0|0	0|1
22	27771191	0|1	1|0
22	27877833	0|0	0|1
22	27893535	0|0	0|1
22	27893830	0|0	0|1
22	27910776	0|1	1|0
22	27919144	1|0	0|0
22	27923644	1|0	0|0
22	27948067	0|1	1|0
22	27969540	0|1	1|0
22	27980155	1|0	0|0
22	27985489	1|1	1|0
22	27986712	1|1	1|0
22	27989951	1|1	1|0
22	28004951	0|1	1|0
22	28014314	1|0	0|0
22	28017805	0|0	0|1
22	28021058	0|0	0|1
22	28030270	0|0	0|1
22	28043913	1|0	0|0
22	28043959	1|0	0|0
22	28060845	1|0	0|0
22	28070324	1|0	0|0
22	28070534	0|0	0|1
22	28073972	1|0	0|0
22	28079761	1|0	0|0
22	28093695	0|1	1|0
22	28096459	0|1	1|0
22	28105632	0|0	0|1
22	28107388	0|0	0|1
22	28108187	0|0	0|1
22	28109490	0|0	0|1
22	28109580	0|0	0|1
22	28127205	0|0	1|0
22	28137234	0|0	0|1
22	28137282	1|0	0|0
22	28160616	0|0	1|0
22	28168840	1|0	0|0
22	28174949	1|0	0|0
22	28178948	1|0	0|0
22	28184135	1|0	0|0
22	28185426	1|0	0|0
22	28187306	0|1	1|0
22	28206903	1|0	0|0
22	28206992	1|0	0|0
22	28209148	1|0	0|0
22	28210264	1|0	0|0
22	28215419	1|0	0|0
22	28216470	0|1	1|0
22	28216720	1|0	0|0
22	28217900	0|1	1|1
22	28218296	1|0	0|0
22	28218454	1|1	1|1
22	28224794	1|1	1|1
22	28233331	0|1	1|1
22	28266172	0|0	0|1
22	28280118	0|1	1|0
22	28303075	0|0	0|1
22	28336076	0|0	0|1
22	28352046	0|0	0|1
22	28354759	0|1	1|0
22	28360869	1|0	0|0
22	28373261	0|0	0|1
22	28378384	0|0	0|1
22	28388323	0|0	0|1
22	28425588	1|0	0|0
22	28454406	0|0	0|1
22	28480399	1|0	0|0
22	28485683	1|0	0|0
22	28498525	0|1	1|0
22	28508895	0|1	0|1
22	28511143	0|0	0|1
22	28513180	0|0	0|1
22	28519329	1|0	0|0
22	28529126	0|1	0|1
22	28529631	0|0	0|1
22	28546820	0|0	0|1
22	28551792	0|0	0|1
22	28570812	0|1	1|0
22	28582812	0|1	0|0
22	28589690	1|0	0|0
22	28597168	0|1	0|0
22	28608119	1|0	0|0
22	28612371	1|0	0|0
22	28668624	1|0	1|0
22	28787859	1|1	0|1
22	28788185	1|0	1|0
22	28789116	1|0	1|0
22	28794980	1|0	1|0
22	28828174	0|1	0|0
22	28907909	1|0	1|0
22	28910521	1|0	1|0
22	28984540	1|0	1|0
22	28986022	0|1	0|1
22	28987156	1|0	1|0
22	29000285	0|1	0|1
22	29032115	1|1	1|1
22	29042078	1|0	1|0
22	29051261	1|0	1|0
22	29053288	1|0	1|0
22	29068168	1|0	1|0
22	29085362	1|0	1|0
22	29094216	0|1	0|1
22	29125694	1|0	1|0
22	29133462	1|0	1|0
22	29144427	0|1	0|1
22	29167097	0|0	0|1
22	29224996	1|0	1|0
22	29263104	0|0	0|1
22	29276974	0|0	0|1
22	29294464	1|0	1|0
22	29296303	1|0	1|0
22	29344330	1|0	1|0
22	29357122	0|0	0|1
22	29368069	1|0	1|0
22	29383244	1|0	1|0
22	29402458	1|0	1|0
22	29402468	1|0	1|0
22	29420964	1|0	1|0
22	29454778	0|1	0|0
22	29491496	0|1	0|0
22	29496462	0|0	0|1
22	29527584	1|1	1|0
22	29538730	1|0	1|0
22	29539647	0|1	0|0
22	29542865	0|0	0|1
22	29542915	0|0	0|1
22	29543658	1|0	1|0
22	29546266	0|1	0|0
22	29546361	0|1	0|0
22	29548088	0|0	0|1
22	29548727	0|0	0|1
22	29548803	0|1	0|0
22	29549797	0|0	0|1
22	29550678	0|1	0|0
22	29550895	0|0	0|1
22	29551994	0|0	0|1
22	29553253	0|1	0|0
22	29553673	0|1	0|0
22	29553770	0|1	0|0
22	29553832	0|0	0|1
22	29553969	0|1	0|0
22	29554460	0|1	0|0
22	29554838	0|1	0|0
22	29557327	0|1	0|0
22	29560100	0|0	0|1
22	29570399	0|0	0|1
22	29573476	0|0	0|1
22	29577015	0|1	0|0
22	29606907	0|0	0|1
22	29608615	0|0	0|1
22	29612934	0|0	0|1
22	29619036	0|0	0|1
22	29620305	0|0	0|1
22	29629013	1|0	1|0
22	29630269	1|0	1|0
22	29649965	1|0	1|0
22	29657500	0|0	0|1
22	29669037	1|0	1|0
22	29706242	0|0	1|0
22	29734452	1|0	1|0
22	29751477	0|1	0|0
22	29784079	1|0	1|0
22	29785137	1|0	1|0
22	29812712	1|0	1|0
22	29832516	1|0	1|0
22	29835545	0|1	0|0
22	29835625	0|0	0|1
22	29836276	0|0	0|1
22	29840913	0|0	0|1
22	29841486	0|0	0|1
22	29847632	0|0	0|1
22	29850959	0|1	0|0
22	29853213	0|0	0|1
22	29858454	1|0	1|0
22	29860155	0|0	0|1
22	29860347	0|0	0|1
22	29863385	0|0	0|1
22	29864901	0|0	0|1
22	29866507	0|0	0|1
22	29867838	0|0	0|1
22	29875059	0|0	0|1
22	29876996	0|0	0|1
22	29877222	1|0	1|0
22	29882184	0|0	0|1
22	29887718	0|0	0|1
22	29889226	0|0	0|1
22	29889848	1|0	1|0
22	29891528	0|0	0|1
22	29891529	0|0	0|1
22	29891533	0|0	0|1
22	29891542	0|0	0|1
22	29895887	0|0	0|1
22	29897279	0|0	0|1
22	29900565	0|0	0|1
22	29900999	0|0	0|1
22	29901503	0|0	0|1
22	29901887	0|0	0|1
22	29902658	0|0	0|1
22	29903078	0|0	0|1
22	29905609	0|0	0|1
22	29905629	0|0	0|1
22	29906453	0|0	0|1
22	29910446	0|0	0|1
22	29914086	0|0	0|1
22	29921015	0|0	0|1
22	29921380	0|0	0|1
22	29929576	0|0	0|1
22	29930853	0|0	0|1
22	29936834	0|0	0|1
22	29938230	0|0	0|1
22	29938231	0|0	0|1
22	29939414	0|0	0|1
22	29940556	0|0	0|1
22	29944589	0|0	0|1
22	29948044	0|0	0|1
22	29948521	0|0	0|1
22	29955351	0|0	0|1
22	29956967	0|0	0|1
22	29965338	0|0	0|1
22	29967056	0|0	0|1
22	29968778	0|0	0|1
22	29968787	0|0	0|1
22	29970278	1|0	1|1
22	29970629	0|0	0|1
22	29974289	0|0	0|1
22	29978724	0|0	0|1
22	29989073	0|0	0|1
22	29989745	0|0	0|1
22	29990325	0|0	0|1
22	29992097	0|0	0|1
22	29993328	0|0	0|1
22	29998833	0|0	0|1
22	29999340	0|0	0|1
22	30000982	0|0	0|1
22	30001391	0|1	0|0
22	30003745	0|0	0|1
22	30012920	0|0	0|1
22	30015522	0|0	0|1
22	30019370	0|0	0|1
22	30019399	0|0	0|1
22	30026829	0|0	0|1
22	30029514	0|0	0|1
22	30031655	0|0	0|1
22	30038767	0|0	0|1
22	30072937	0|1	0|0
22	30082051	1|0	1|0
22	30089877	1|0	1|0
22	30091878	1|0	1|0
22	30111900	1|0	1|0
22	30111930	1|0	1|0
22	30133990	0|1	0|0
22	30159281	0|1	0|0
22	30213769	1|0	1|0
22	30221201	0|0	0|1
22	30234438	1|0	1|0
22	30258027	0|1	0|0
22	30262600	1|0	1|0
22	30269697	0|0	0|1
22	30270070	0|0	0|1
22	30288802	0|0	0|1
22	30303434	0|0	0|1
22	30308086	0|0	0|1
22	30314818	1|0	1|0
22	30324032	1|0	1|0
22	30330822	1|0	1|0
22	30331577	0|0	1|0
22	30350048	0|1	0|1
22	30354714	1|0	1|0
22	30375519	1|0	1|0
22	30376682	1|0	1|0
22	30384152	1|0	1|0
22	30392187	1|0	1|0
22	30401227	1|0	1|0
22	30417720	0|1	0|0
22	30419833	0|0	0|1
22	30448161	0|0	0|1
22	30459998	0|0	0|1
22	30466112	0|0	0|1
22	30487259	0|0	0|1
22	30488334	1|0	1|0
22	30571252	0|1	0|0
22	30591212	0|0	0|1
22	30596505	0|1	0|0
22	30623808	0|0	0|1
22	30678037	0|0	0|1
22	30680003	1|0	1|0
22	30681797	1|1	1|1
22	30685495	0|1	0|0
22	30692717	0|0	0|1
22	30697600	0|1	0|0
22	30703041	0|1	0|0
22	30797345	0|1	0|0
22	30866336	0|1	0|0
22	30869336	0|0	0|1
22	30884400	0|1	0|0
22	30900990	1|0	1|0
22	30902870	0|0	0|1
22	30909309	1|0	1|0
22	30935017	0|0	0|1
22	30945505	1|0	1|0
22	30956658	1|0	1|0
22	30958629	0|1	0|0
22	30978999	0|0	0|1
22	30980914	0|1	0|0
22	30981075	1|0	1|0
22	30981547	0|1	0|0
22	30991617	0|1	0|0
22	31020844	0|0	0|1
22	31021353	0|1	0|0
22	31027007	0|1	0|0
22	31029046	0|1	0|0
22	31034269	0|0	0|1
22	31136174	0|0	0|1
22	31173999	0|1	0|0
22	31174314	0|0	0|1
22	31216187	0|1	0|0
22	31273453	0|1	0|0
22	31276330	0|0	0|0
22	31277831	0|0	0|0
22	31279889	1|0	1|0
22	31281303	1|0	1|0
22	31292701	1|0	1|0
22	31297158	1|0	1|0
22	31298127	1|1	1|1
22	31298173	1|0	1|0
22	31301792	1|0	1|0
22	31303401	0|1	0|0
22	31311201	0|0	0|0
22	31311544	1|0	1|0
22	31316399	0|0	0|0
22	31319187	1|0	1|0
22	31320508	1|0	1|0
22	31355992	1|0	1|0
22	31357929	1|0	1|0
22	31364061	1|0	1|0
22	31364993	1|0	1|0
22	31375722	1|0	1|0
22	31390228	1|0	1|0
22	31392102	1|0	1|0
22	31392310	1|0	1|0
22	31396826	1|0	1|0
22	31400996	1|0	1|0
22	31405062	1|0	1|0
22	31430571	1|0	1|0
22	31430572	1|0	1|0
22	31430579	1|0	1|0
22	31438687	1|0	1|0
22	31450530	0|0	0|1
22	31465676	0|0	0|0
22	31498796	0|0	0|1
22	31515451	0|0	0|1
22	31524151	1|0	0|0
22	31560496	0|1	0|0
22	31570731	0|0	1|0
22	31576899	0|1	0|1
22	31594380	0|0	0|1
22	31601658	1|0	1|0
22	31604702	0|0	0|1
22	31606949	0|0	0|1
22	31616972	1|0	1|0
22	31627870	0|0	0|1
22	31640111	0|0	0|1
22	31641239	0|0	0|1
22	31653026	1|1	0|1
22	31653885	0|0	0|0
22	31670006	0|0	0|1
22	31675572	0|0	0|0
22	31675842	0|1	0|0
22	31681368	0|0	0|1
22	31683913	0|0	0|1
22	31710120	1|0	1|0
22	31716329	0|0	0|1
22	31719404	0|0	0|1
22	31736045	0|0	0|1
22	31742039	0|0	0|1
22	31745190	0|0	0|1
22	31757298	0|0	0|0
22	31763724	0|0	0|1
22	31777173	0|0	0|1
22	31781921	0|0	0|1
22	31782421	0|0	0|0
22	31788021	0|0	0|0
22	31804005	1|0	1|0
22	31816160	0|0	0|1
22	31820296	0|0	0|1
22	31830227	0|0	0|0
22	31863789	0|1	0|0
22	31864941	0|0	0|0
22	31867114	0|0	0|1
22	31867115	0|0	0|1
22	31872622	0|0	0|0
22	31874108	1|0	1|0
22	31886109	0|0	0|1
22	31892576	1|0	1|0
22	31893605	0|0	0|1
22	31900457	0|0	0|0
22	31904799	0|0	0|1
22	31905833	0|0	0|1
22	31907834	0|0	0|1
22	31910416	0|1	0|0
22	31914990	0|1	0|0
22	31915242	0|0	0|1
22	31917575	0|0	0|1
22	31918744	0|0	0|1
22	31926689	0|0	0|1
22	31943845	0|0	0|1
22	31963294	0|1	0|0
22	31966108	0|0	1|0
22	31967973	0|0	0|1
22	31973594	0|0	0|1
22	31975338	0|0	0|1
22	31976897	0|0	0|1
22	31990692	0|0	0|1
22	31999200	0|1	0|0
22	32008191	0|0	0|1
22	32013172	1|0	1|0
22	32014796	0|0	0|1
22	32015766	0|0	0|1
22	32019322	0|0	0|1
22	32024636	0|0	0|1
22	32025100	0|0	0|1
22	32029351	0|0	0|1
22	32029366	0|0	0|1
22	32041676	0|0	0|1
22	32052078	0|0	0|1
22	32052370	0|0	0|1
22	32059436	0|0	0|1
22	32059485	0|0	0|1
22	32059637	0|0	0|1
22	32062071	0|0	0|1
22	32062435	0|0	0|1
22	32062613	0|0	0|1
22	32066259	0|0	0|1
22	32071003	0|0	0|1
22	32071194	0|0	0|1
22	32073679	0|0	0|1
22	32073697	0|0	0|1
22	32074011	0|0	0|1
22	32075327	0|0	0|1
22	32075437	0|0	0|1
22	32076975	0|0	0|1
22	32077247	0|0	0|1
22	32085368	0|0	0|1
22	32088526	0|0	0|1
22	32091555	0|0	0|1
22	32095125	0|0	0|1
22	32097129	0|0	0|1
22	32100808	0|0	0|1
22	32105299	0|0	0|1
22	32113269	0|0	0|1
22	32114373	0|0	0|1
22	32117520	0|0	0|1
22	32118045	0|0	0|0
22	32125521	0|0	0|1
22	32126629	0|0	0|1
22	32129890	0|0	0|1
22	32130753	0|0	0|1
22	32131919	0|0	0|1
22	32133622	0|0	0|1
22	32142382	0|0	0|1
22	32146082	0|0	0|1
22	32151891	0|0	0|1
22	32153517	0|0	0|1
22	32157480	0|0	0|1
22	32162760	0|1	0|0
22	32219692	0|0	0|0
22	32225034	0|0	0|0
22	32242431	1|0	0|0
22	32256581	0|0	0|0
22	32286455	0|0	0|0
22	32292695	0|0	0|0
22	32301138	0|1	0|0
22	32301335	0|1	0|0
22	32308930	0|0	0|0
22	32314785	0|0	0|0
22	32336561	0|1	0|0
22	32345889	1|0	1|0
22	32347060	1|0	1|0
22	32351586	1|0	1|0
22	32361070	1|0	1|0
22	32361385	1|0	1|0
22	32361651	1|0	1|0
22	32363354	1|0	1|0
22	32363644	1|0	1|0
22	32364261	1|0	1|0
22	32364397	1|0	1|0
22	32364401	1|0	1|0
22	32364809	1|0	1|0
22	32365190	1|0	1|0
22	32366335	1|0	1|0
22	32366595	1|0	1|0
22	32366655	1|0	1|0
22	32366740	1|0	1|0
22	32369596	0|1	0|0
22	32371046	0|1	0|0
22	32383414	0|0	0|0
22	32385579	1|0	1|0
22	32385586	1|0	1|0
22	32385874	1|0	1|0
22	32400570	1|0	1|0
22	32406351	0|0	0|0
22	32410032	1|0	1|0
22	32410150	1|0	1|0
22	32411999	0|1	0|0
22	32412570	1|0	1|0
22	32419008	1|0	1|0
22	32420804	1|0	1|0
22	32424482	1|0	1|0
22	32426516	1|0	1|0
22	32432014	1|0	1|0
22	32437374	1|0	1|0
22	32447265	0|1	0|0
22	32453409	0|0	0|0
22	32455835	1|0	1|0
22	32457332	1|0	1|0
22	32457361	1|0	1|0
22	32459315	1|0	1|0
22	32474941	0|1	0|1
22	32484323	0|1	0|0
22	32487590	1|0	1|0
22	32489719	1|0	1|0
22	32495020	1|0	1|0
22	32498933	1|0	1|0
22	32507403	1|0	1|0
22	32512317	1|0	1|0
22	32519216	1|0	1|0
22	32540651	1|0	1|0
22	32541339	1|0	1|0
22	32543046	1|0	1|0
22	32543327	1|0	1|0
22	32543680	1|0	1|0
22	32544401	1|0	1|0
22	32544402	1|0	1|0
22	32550709	1|0	1|0
22	32553053	1|0	1|0
22	32554438	1|0	1|0
22	32555566	1|0	1|0
22	32558343	1|0	1|0
22	32559279	0|1	0|0
22	32561384	1|0	1|0
22	32563112	0|1	0|0
22	32572525	0|1	0|0
22	32575717	0|1	0|0
22	32577514	1|0	1|0
22	32579222	1|0	1|0
22	32580840	1|0	1|0
22	32583930	1|0	1|0
22	32584011	1|0	1|0
22	32591688	1|0	1|0
22	32596223	1|0	1|0
22	32597532	1|0	1|0
22	32600590	1|0	1|0
22	32602448	1|0	1|0
22	32606650	1|0	1|0
22	32609493	1|0	1|0
22	32609778	1|0	1|0
22	32609831	1|0	1|0
22	32612255	1|0	1|0
22	32612268	1|0	1|0
22	32612960	1|0	1|0
22	32613597	1|0	1|0
22	32614066	1|0	1|0
22	32617362	1|0	1|0
22	32621446	1|0	1|0
22	32628900	1|0	1|0
22	32629582	1|0	1|0
22	32629649	1|0	1|0
22	32630257	1|0	1|0
22	32633068	1|0	1|0
22	32634332	0|0	0|0
22	32635626	1|0	1|0
22	32637856	1|0	1|0
22	32638551	1|0	1|0
22	32641452	1|0	1|0
22	32642044	1|0	1|0
22	32642424	1|0	1|0
22	32642609	1|0	1|0
22	32643447	1|0	1|0
22	32643460	1|0	1|0
22	32643836	1|0	1|0
22	32644477	1|0	1|0
22	32645183	1|0	1|0
22	32646000	1|0	1|0
22	32646852	1|0	1|0
22	32648803	1|0	1|0
22	32649627	1|0	1|0
22	32652254	1|0	1|0
22	32653593	1|0	1|0
22	32654103	1|0	1|0
22	32655132	1|0	1|0
22	32655901	1|0	1|0
22	32656659	1|0	1|0
22	32656787	1|0	1|0
22	32657038	1|0	1|0
22	32657058	1|0	1|0
22	32657061	1|0	1|0
22	32657087	1|0	1|0
22	32659050	1|0	1|0
22	32666792	1|0	1|0
22	32668904	0|0	0|0
22	32690859	1|1	1|0
22	32690898	1|1	1|0
22	32724111	0|1	0|0
22	32745991	0|1	0|0
22	32751937	1|0	1|0
22	32773374	0|1	0|0
22	32781750	1|0	1|0
22	32817063	1|0	1|0
22	32824058	1|0	1|0
22	32848668	0|0	1|0
22	32862186	1|0	0|1
22	32869831	0|1	0|0
22	32872238	0|0	0|0
22	32877219	1|0	0|1
22	32888245	0|0	0|0
22	32905490	1|0	0|1
22	32909013	0|1	0|0
22	32909416	0|0	1|0
22	32925992	0|1	0|0
22	32946579	0|1	0|0
22	32952820	1|1	0|1
22	32979438	0|1	0|0
22	32979602	0|1	0|0
22	32980130	0|1	0|0
22	32981706	0|1	0|0
22	32981758	0|1	0|0
22	32981824	0|1	0|0
22	32986179	0|1	0|0
22	32987212	0|1	0|0
22	32987221	0|1	0|0
22	32988248	0|1	0|0
22	32989033	0|1	0|0
22	33029464	0|1	0|0
22	33030631	1|0	0|1
22	33038275	1|0	0|0
22	33057624	0|0	0|0
22	33063531	1|0	0|1
22	33066430	1|0	0|1
22	33120286	1|0	0|1
22	33135869	0|0	0|0
22	33143291	0|0	0|0
22	33148084	1|0	0|1
22	33149788	1|0	0|1
22	33149963	0|1	0|0
22	33150236	1|0	0|1
22	33155759	0|0	0|0
22	33163141	1|0	0|1
22	33177070	1|1	0|1
22	33180102	1|1	0|1
22	33181372	1|0	0|1
22	33188872	0|0	0|0
22	33198451	0|0	1|0
22	33215664	0|0	0|0
22	33223462	1|0	0|1
22	33264490	1|0	0|1
22	33264769	1|0	0|1
22	33265317	0|1	0|0
22	33269772	0|0	0|0
22	33271447	0|1	0|0
22	33276474	1|0	1|1
22	33287094	1|0	1|1
22	33295087	0|0	0|0
22	33296530	1|0	1|1
22	33296536	1|0	1|1
22	33298609	0|1	0|0
22	33302892	1|0	1|1
22	33306021	1|0	1|1
22	33310727	0|1	0|0
22	33312387	1|0	1|1
22	33313958	1|0	1|1
22	33316142	0|1	0|0
22	33316451	1|0	0|0
22	33322189	1|0	1|1
22	33322570	1|0	1|1
22	33326187	1|0	0|1
22	33333107	0|0	1|0
22	33347412	1|0	0|1
22	33372901	0|1	0|1
22	33405063	0|0	1|0
22	33409848	0|0	1|0
22	33411040	1|0	0|1
22	33415134	1|0	0|1
22	33417848	0|1	0|0
22	33441703	1|0	0|1
22	33444066	0|1	0|0
22	33445093	0|0	0|0
22	33453983	0|0	1|0
22	33459650	0|0	0|0
22	33467115	0|0	0|0
22	33471741	0|1	0|0
22	33475315	0|1	0|0
22	33476222	0|1	0|0
22	33500879	0|1	1|0
22	33516792	0|0	0|0
22	33517033	0|0	0|0
22	33526299	1|0	1|0
22	33533165	0|0	0|0
22	33537444	0|0	0|0
22	33542624	0|0	0|0
22	33543675	0|0	0|0
22	33544819	0|0	0|0
22	33546714	0|0	0|0
22	33546735	0|0	0|0
22	33552999	0|0	0|0
22	33554857	0|0	0|0
22	33555104	0|0	0|0
22	33557776	0|0	0|0
22	33558525	0|0	0|0
22	33560795	1|0	0|0
22	33561739	0|0	0|0
22	33566958	0|0	0|0
22	33568292	1|0	0|1
22	33569454	0|0	0|0
22	33569805	0|0	0|0
22	33570011	0|0	0|0
22	33570306	0|0	0|0
22	33571131	0|1	0|0
22	33572840	0|0	0|0
22	33574583	1|0	0|0
22	33574770	1|0	0|0
22	33576164	0|0	0|0
22	33578410	0|0	0|0
22	33579373	0|0	0|0
22	33579659	0|0	0|0
22	33580487	0|0	0|0
22	33580836	0|0	0|0
22	33581607	0|0	0|0
22	33581749	0|0	0|0
22	33582139	0|0	0|0
22	33583069	0|0	0|1
22	33584444	1|0	0|1
22	33585025	0|0	0|0
22	33585026	0|0	0|0
22	33586851	0|0	0|0
22	33587846	0|0	0|0
22	33587930	0|0	0|0
22	33588694	0|0	0|0
22	33588785	0|0	0|0
22	33589472	0|0	0|0
22	33589480	0|0	0|0
22	33589555	0|0	0|0
22	33589556	0|0	0|0
22	33589805	0|0	0|0
22	33589861	0|0	0|0
22	33589894	0|0	0|0
22	33589989	0|0	0|0
22	33590145	0|0	0|0
22	33590168	0|0	0|0
22	33590404	0|0	0|0
22	33591138	0|0	0|0
22	33591311	0|0	0|0
22	33591417	0|0	0|0
22	33591515	1|0	0|0
22	33591591	0|0	0|0
22	33591888	0|0	0|0
22	33592034	1|0	0|0
22	33592036	0|0	0|0
22	33592224	0|0	0|0
22	33592362	0|0	0|0
22	33592664	0|0	0|0
22	33592948	0|0	0|0
22	33593407	0|0	0|0
22	33593932	0|0	0|0
22	33593995	1|0	0|0
22	33594196	0|0	0|0
22	33594341	0|0	0|0
22	33594733	0|0	0|0
22	33594761	0|0	0|0
22	33594923	0|0	0|0
22	33594937	0|0	0|0
22	33595128	0|0	0|0
22	33595518	0|0	0|0
22	33595621	0|0	0|0
22	33595660	0|0	0|0
22	33595754	0|0	0|0
22	33595763	0|0	0|0
22	33595809	0|0	0|0
22	33595858	0|0	0|0
22	33596440	0|0	0|0
22	33596828	0|0	0|0
22	33596958	0|0	0|0
22	33597094	0|0	0|0
22	33597265	0|0	0|0
22	33597281	0|0	0|0
22	33597444	0|0	0|0
22	33597446	0|0	0|0
22	33597504	0|0	0|0
22	33597866	0|0	0|0
22	33597892	0|0	0|0
22	33598052	0|0	0|0
22	33598155	0|0	0|0
22	33598214	0|0	0|0
22	33598225	0|0	0|0
22	33598356	1|0	0|0
22	33598376	0|0	0|0
22	33598389	0|0	0|0
22	33598664	0|0	0|0
22	33599622	0|0	0|0
22	33604051	0|0	0|0
22	33606127	0|0	0|0
22	33606994	0|0	0|0
22	33607839	0|0	0|0
22	33609273	0|0	0|0
22	33609730	0|0	0|0
22	33609959	0|0	0|0
22	33618208	0|0	0|0
22	33619165	0|0	0|0
22	33619773	0|0	0|0
22	33622015	0|0	0|0
22	33623582	0|0	0|0
22	33625304	0|0	0|0
22	33628963	0|0	0|0
22	33630324	0|0	0|0
22	33631046	0|1	0|1
22	33637589	0|0	0|0
22	33640879	0|1	0|0
22	33641667	0|0	0|0
22	33643414	0|0	0|0
22	33652079	0|0	0|0
22	33654193	0|0	0|0
22	33655597	0|1	0|0
22	33658765	0|0	0|0
22	33664704	0|0	0|0
22	33665255	0|0	0|0
22	33669673	0|0	0|0
22	33670961	1|0	0|0
22	33679238	1|0	0|0
22	33679421	0|0	0|0
22	33679422	0|0	0|0
22	33681742	0|0	0|0
22	33683634	0|0	0|0
22	33684832	0|0	0|0
22	33685134	0|0	0|0
22	33685166	0|0	0|0
22	33685721	0|0	0|0
22	33689246	0|0	0|0
22	33689692	0|0	0|0
22	33690260	0|0	0|0
22	33694164	1|0	0|0
22	33704896	0|0	0|1
22	33705567	0|0	1|0
22	33706945	1|0	0|1
22	33715134	0|0	0|1
22	33717021	1|0	0|1
22	33731918	0|0	0|0
22	33738711	0|1	0|0
22	33740277	0|0	1|0
22	33740860	1|1	0|1
22	33747970	0|0	1|0
22	33779690	1|0	0|1
22	33825549	0|0	1|0
22	33827789	0|1	0|0
22	33831048	0|0	0|0
22	33835719	0|0	0|0
22	33837057	1|0	0|1
22	33854180	1|0	0|1
22	33860103	1|0	0|1
22	33931655	1|0	0|1
22	33935337	1|0	0|1
22	33941832	0|0	0|0
22	33942772	0|0	0|0
22	33943212	1|0	0|1
22	33944562	1|0	0|1
22	33946965	0|0	0|0
22	33948772	0|0	0|0
22	33950879	1|0	0|1
22	33951780	0|0	0|0
22	33952713	1|0	0|1
22	33952784	1|0	0|1
22	33954226	0|0	0|0
22	33962609	0|0	0|0
22	33967520	0|0	0|0
22	34002123	1|0	0|1
22	34020391	1|0	0|1
22	34021687	0|0	0|0
22	34047427	0|0	0|0
22	34048002	0|0	0|0
22	34048345	0|0	0|0
22	34048399	0|0	0|0
22	34049776	0|0	0|0
22	34050281	0|0	0|0
22	34050611	0|0	0|0
22	34050747	0|0	0|0
22	34056819	1|0	0|1
22	34061388	1|0	0|1
22	34074960	0|0	1|0
22	34084990	0|1	0|0
22	34097244	1|0	0|1
22	34102837	0|1	0|0
22	34109309	0|0	1|0
22	34115875	0|0	1|0
22	34116508	0|0	0|0
22	34118099	0|0	1|0
22	34119682	0|0	1|0
22	34122711	0|0	1|0
22	34123675	0|0	0|0
22	34127314	0|1	0|0
22	34127393	0|1	0|0
22	34127504	0|1	0|0
22	34136042	0|0	1|0
22	34137616	0|1	0|0
22	34140434	0|0	1|0
22	34144424	0|0	1|0
22	34144960	0|0	1|0
22	34145542	0|0	1|0
22	34149878	0|1	0|0
22	34151458	1|0	0|1
22	34155838	1|0	0|1
22	34162371	0|0	1|0
22	34163002	0|1	0|0
22	34176109	0|0	0|0
22	34180531	0|0	1|0
22	34181005	1|0	0|1
22	34185129	0|0	0|0
22	34185864	0|0	1|0
22	34196991	1|0	0|1
22	34211435	0|0	1|0
22	34213503	0|0	1|0
22	34215828	0|0	1|0
22	34216283	0|0	1|0
22	34217875	0|0	1|0
22	34218934	0|1	0|0
22	34220609	0|0	1|0
22	34229884	1|0	0|1
22	34264480	0|0	0|0
22	34285495	0|0	1|0
22	34319757	0|1	0|0
22	34324374	0|0	1|0
22	34324737	0|0	1|0
22	34325547	1|0	0|1
22	34344196	1|0	0|1
22	34345506	0|1	1|0
22	34363854	0|0	1|0
22	34367531	0|0	0|0
22	34380919	1|0	0|1
22	34398185	0|0	1|0
22	34419325	0|1	0|0
22	34421801	0|0	1|0
22	34436456	0|0	1|0
22	34437227	0|1	0|0
22	34437237	0|0	1|0
22	34439804	0|0	1|0
22	34440331	0|1	0|0
22	34440791	0|1	0|0
22	34442263	1|0	0|1
22	34444704	0|0	1|0
22	34445381	0|1	0|0
22	34452975	0|0	1|0
22	34460375	1|0	0|1
22	34462797	0|0	1|0
22	34463940	0|0	1|0
22	34471183	0|0	1|0
22	34485927	0|1	0|0
22	34491158	0|1	0|0
22	34492649	0|1	0|0
22	34493647	0|1	0|0
22	34509836	0|1	1|0
22	34527114	0|1	1|0
22	34528826	0|1	1|0
22	34530068	0|0	0|1
22	34531377	0|0	0|1
22	34532546	0|0	0|1
22	34535886	0|0	0|1
22	34538379	1|0	0|0
22	34544489	0|0	0|1
22	34545150	0|0	0|1
22	34546845	0|0	0|0
22	34546913	0|0	0|1
22	34549671	0|0	0|1
22	34549851	0|1	0|0
22	34557774	0|0	0|0
22	34578523	0|0	0|0
22	34599504	1|0	0|0
22	34603597	0|0	0|1
22	34631030	0|1	1|0
22	34646533	0|0	0|1
22	34652548	1|1	1|0
22	34682754	0|1	0|0
22	34693341	0|0	0|1
22	34712653	0|0	0|1
22	34719475	1|0	0|0
22	34722215	0|0	0|1
22	34723019	1|0	0|0
22	34723568	0|0	0|1
22	34730543	0|1	0|0
22	34732962	1|0	0|0
22	34743109	0|1	0|0
22	34750698	0|0	0|1
22	34753050	1|0	0|1
22	34773555	0|1	1|0
22	34787677	0|1	1|0
22	34795954	1|0	0|0
22	34814862	0|0	0|1
22	34829527	0|0	0|1
22	34831779	0|0	0|1
22	34838245	0|0	0|1
22	34857569	0|1	0|0
22	34872809	0|1	0|0
22	34874294	1|0	1|0
22	34882496	0|0	0|1
22	34885654	1|0	1|0
22	34886174	0|0	0|0
22	34907489	0|0	0|0
22	34929202	1|0	1|0
22	34931901	0|0	0|0
22	34936420	1|1	1|0
22	34943072	0|0	0|1
22	34952738	0|0	0|1
22	34957007	1|1	1|0
22	34976351	0|0	0|0
22	34982807	0|0	1|0
22	34987519	0|0	0|1
22	34999203	0|0	0|0
22	35003222	0|0	0|1
22	35008728	0|1	0|0
22	35026244	0|0	0|0
22	35031836	0|0	0|0
22	35036464	0|0	0|0
22	35038998	0|0	0|0
22	35049462	0|1	0|0
22	35062281	0|1	1|1
22	35064207	0|0	0|0
22	35064245	0|0	0|0
22	35080629	0|1	0|0
22	35081494	0|1	0|0
22	35082433	0|0	0|0
22	35086543	0|1	0|0
22	35087586	0|1	0|0
22	35099083	0|0	0|0
22	35099972	0|0	0|0
22	35100891	0|0	0|0
22	35101818	0|0	1|0
22	35105647	0|0	0|0
22	35110102	0|0	0|0
22	35115100	0|0	0|0
22	35117001	0|1	0|0
22	35131864	0|0	0|0
22	35132393	0|1	0|0
22	35137304	0|1	0|0
22	35139573	0|0	0|0
22	35146820	0|0	0|0
22	35155956	0|0	1|0
22	35158849	0|0	0|0
22	35160854	0|0	0|0
22	35162008	0|0	0|0
22	35167421	1|0	0|1
22	35167637	1|0	0|1
22	35172053	1|0	0|1
22	35173104	0|0	1|0
22	35174655	0|0	0|0
22	35175094	0|0	1|0
22	35178703	0|0	0|0
22	35185781	0|0	1|0
22	35195107	1|0	0|1
22	35197338	0|0	0|0
22	35207279	1|1	1|1
22	35210498	0|0	0|0
22	35212468	0|0	0|0
22	35214285	0|1	0|0
22	35214547	0|0	0|0
22	35222318	0|0	0|0
22	35228629	1|1	0|1
22	35230303	0|0	0|0
22	35238230	0|0	0|0
22	35248534	0|0	1|0
22	35288327	1|0	0|1
22	35291966	0|0	0|0
22	35300085	0|1	0|0
22	35310136	0|0	1|0
22	35310813	0|0	1|0
22	35313032	0|1	0|0
22	35317929	0|0	0|0
22	35318762	0|0	0|0
22	35323215	1|0	0|1
22	35323594	1|0	0|1
22	35324850	1|0	0|1
22	35326442	1|0	0|1
22	35331547	1|0	0|1
22	35331823	1|0	0|1
22	35332002	1|0	0|1
22	35332912	1|0	0|1
22	35333245	0|0	0|0
22	35337176	1|0	0|1
22	35344068	0|0	0|0
22	35347851	0|1	0|0
22	35352621	1|0	0|1
22	35358965	0|0	1|0
22	35366127	0|0	0|0
22	35371340	0|1	0|0
22	35371793	1|0	0|1
22	35372628	0|0	0|0
22	35372777	0|0	0|0
22	35372821	0|0	0|0
22	35373883	0|0	0|0
22	35373892	0|0	0|0
22	35391381	0|1	0|0
22	35397074	0|1	0|0
22	35419122	0|1	1|0
22	35449725	0|0	0|0
22	35478529	0|0	0|0
22	35499472	1|0	0|1
22	35506114	0|0	0|0
22	35507831	0|0	0|0
22	35508174	0|0	0|0
22	35509521	0|0	0|0
22	35509555	0|1	1|0
22	35511589	0|0	0|0
22	35514955	0|0	0|0
22	35516679	0|0	0|0
22	35517768	0|0	0|0
22	35520728	1|0	0|1
22	35520884	0|0	0|0
22	35523868	0|0	0|0
22	35526188	1|0	0|1
22	35528125	0|0	0|0
22	35555014	1|0	0|1
22	35557168	0|0	0|0
22	35561726	0|0	0|0
22	35566604	1|1	1|1
22	35573056	0|0	1|0
22	35573299	0|0	0|0
22	35576954	1|0	0|1
22	35581645	1|0	0|1
22	35585130	0|0	0|0
22	35594450	0|0	1|0
22	35600442	0|0	1|0
22	35601003	0|0	0|0
22	35601455	1|0	0|1
22	35605026	0|0	0|0
22	35616077	0|0	1|0
22	35649137	1|0	0|1
22	35671960	0|0	1|0
22	35678440	0|0	0|1
22	35679124	0|1	0|0
22	35693122	0|1	0|0
22	35699124	1|0	0|1
22	35702704	0|0	0|0
22	35707588	0|1	0|0
22	35716980	0|0	1|0
22	35719306	0|0	0|0
22	35731175	1|0	1|1
22	35732840	0|0	1|0
22	35735891	0|0	1|0
22	35736427	0|0	1|0
22	35736731	1|0	0|1
22	35742103	0|0	1|0
22	35753792	0|0	1|0
22	35754571	0|0	1|0
22	35759266	1|0	0|1
22	35759911	1|0	0|1
22	35760887	1|0	0|1
22	35761658	1|0	0|1
22	35767695	1|0	0|1
22	35767782	1|0	0|1
22	35767910	1|0	0|1
22	35772657	1|0	0|1
22	35774409	0|0	0|0
22	35776929	1|0	0|1
22	35778000	1|0	0|1
22	35778262	1|0	0|1
22	35778602	1|0	0|1
22	35779223	1|0	0|1
22	35781356	0|0	0|0
22	35782659	1|0	0|1
22	35784617	1|0	0|1
22	35785674	1|0	0|1
22	35787065	1|0	0|1
22	35788142	1|0	0|1
22	35788981	0|0	1|0
22	35789281	0|0	1|0
22	35805592	0|0	0|0
22	35837614	0|0	1|0
22	35845224	0|0	1|0
22	35852923	0|1	0|0
22	35856164	0|1	0|0
22	35856338	0|1	0|0
22	35857019	0|1	0|0
22	35869265	1|0	0|1
22	35869267	1|0	0|1
22	35882145	1|0	0|1
22	35890480	0|1	0|0
22	35890642	0|1	0|0
22	35892020	0|1	0|0
22	35893217	0|1	0|0
22	35893414	0|1	0|0
22	35895530	0|0	1|0
22	35895704	0|1	0|0
22	35902084	0|1	0|0
22	35906353	0|1	0|0
22	35907987	1|0	0|1
22	35910438	0|1	0|0
22	35945386	1|0	0|1
22	35949621	1|0	0|1
22	35958126	1|0	1|0
22	35964479	1|0	0|1
22	36014219	0|0	1|0
22	36021880	0|1	0|0
22	36050325	0|0	1|0
22	36055406	0|0	1|0
22	36056400	0|1	0|0
22	36061154	0|0	1|0
22	36063884	0|1	0|0
22	36067150	0|0	1|0
22	36071810	0|0	1|0
22	36081786	0|1	0|0
22	36091144	1|0	0|1
22	36091319	1|0	0|1
22	36094353	1|0	1|1
22	36096845	1|0	1|1
22	36100702	1|0	0|1
22	36109521	1|0	0|1
22	36128062	0|0	1|0
22	36135614	0|1	0|0
22	36140474	0|1	0|0
22	36149335	1|0	0|1
22	36154865	1|0	0|1
22	36160146	1|0	0|1
22	36165656	1|0	0|1
22	36188993	0|0	1|0
22	36201711	0|1	0|0
22	36202795	1|0	0|1
22	36206870	0|1	0|0
22	36209493	1|0	0|1
22	36215804	0|0	1|0
22	36230851	0|1	0|0
22	36240707	1|0	0|1
22	36257877	1|0	0|1
22	36269528	1|0	0|1
22	36277778	0|0	1|0
22	36281818	1|0	0|1
22	36282235	0|0	1|0
22	36289714	1|0	0|1
22	36304094	1|0	0|1
22	36319564	0|1	0|0
22	36329973	0|1	0|0
22	36351553	1|0	0|1
22	36362010	0|1	0|0
22	36363641	0|0	1|0
22	36365875	0|0	0|0
22	36369287	0|0	1|0
22	36372392	0|0	0|0
22	36375913	0|0	0|0
22	36377937	1|0	0|1
22	36396034	1|0	0|1
22	36398953	0|0	1|0
22	36404373	0|0	1|0
22	36425023	0|0	1|0
22	36427213	1|0	0|1
22	36450452	0|1	0|0
22	36477747	0|0	0|0
22	36478140	1|1	1|1
22	36479871	0|1	0|0
22	36490768	0|1	0|0
22	36492273	1|0	0|1
22	36499425	1|1	1|1
22	36506625	0|1	0|0
22	36523915	0|0	1|0
22	36527830	1|0	0|1
22	36537763	0|0	1|0
22	36546358	0|1	0|0
22	36560294	1|0	0|1
22	36561155	1|0	0|1
22	36564361	0|0	0|0
22	36564363	0|0	0|0
22	36564499	0|0	0|0
22	36564618	0|0	0|0
22	36564698	0|0	0|0
22	36564737	0|0	0|0
22	36564743	0|0	0|0
22	36564758	0|0	0|0
22	36564887	0|0	0|0
22	36564907	0|0	0|0
22	36564986	0|0	0|0
22	36565139	0|0	0|0
22	36565203	0|0	0|0
22	36565283	0|0	0|0
22	36565293	0|0	0|0
22	36565381	0|0	0|0
22	36565411	0|0	0|0
22	36565425	0|0	0|0
22	36565486	0|0	0|0
22	36565562	0|0	0|0
22	36565565	0|0	0|0
22	36565573	0|0	0|0
22	36565628	0|0	0|0
22	36565643	0|0	0|0
22	36565697	0|0	0|0
22	36565719	0|0	0|0
22	36565725	0|0	0|0
22	36565744	0|0	0|0
22	36565775	0|0	0|0
22	36565782	0|0	0|0
22	36565819	0|0	0|0
22	36565821	0|0	0|0
22	36566033	0|0	0|0
22	36566060	0|0	0|0
22	36566075	0|0	0|0
22	36566101	0|0	0|0
22	36566132	0|0	0|0
22	36566197	0|0	0|0
22	36566225	0|0	0|0
22	36566237	0|0	0|0
22	36566300	0|0	0|0
22	36566313	0|0	0|0
22	36566321	0|0	0|0
22	36566328	0|0	0|0
22	36566346	0|0	0|0
22	36566451	0|0	0|0
22	36566458	0|0	0|0
22	36566468	0|0	0|0
22	36566477	0|0	0|0
22	36566488	0|0	0|0
22	36566528	0|0	0|0
22	36566529	0|0	0|0
22	36566601	0|0	0|0
22	36566610	0|0	0|0
22	36566640	0|0	0|0
22	36566664	0|0	0|0
22	36566728	0|0	0|0
22	36566730	0|0	0|0
22	36566752	0|0	0|0
22	36566776	0|0	0|0
22	36566785	0|0	0|0
22	36566805	0|0	0|0
22	36566828	0|0	0|0
22	36566837	0|0	0|0
22	36566852	0|0	0|0
22	36566857	0|0	0|0
22	36566858	0|0	0|0
22	36566869	0|0	0|0
22	36566922	0|0	0|0
22	36566959	0|0	0|0
22	36566993	0|0	0|0
22	36567010	0|0	0|0
22	36567074	0|0	0|0
22	36567102	0|0	0|0
22	36567108	0|0	0|0
22	36567141	0|0	0|0
22	36567207	0|0	0|0
22	36567233	0|0	0|0
22	36567289	0|0	0|0
22	36567310	0|0	0|0
22	36567484	0|0	0|0
22	36567490	0|0	0|0
22	36567505	0|0	0|0
22	36567540	0|0	0|0
22	36567589	0|0	0|0
22	36567688	0|0	0|0
22	36567749	0|0	0|0
22	36567760	0|0	0|0
22	36567761	0|0	0|0
22	36567985	0|0	0|0
22	36567990	0|0	0|0
22	36568001	0|0	0|0
22	36568004	0|0	0|0
22	36568006	0|0	0|0
22	36568034	0|0	0|0
22	36568051	0|0	0|0
22	36568132	0|0	0|0
22	36568140	0|0	0|0
22	36568261	0|0	0|0
22	36568291	0|0	0|0
22	36568323	0|0	0|0
22	36568327	0|0	0|0
22	36568402	0|0	0|0
22	36568404	0|0	0|0
22	36568408	0|0	0|0
22	36568413	0|0	0|0
22	36568429	0|0	0|0
22	36568450	0|0	0|0
22	36568455	0|0	0|0
22	36568485	0|0	0|0
22	36568500	0|0	0|0
22	36568507	0|0	0|0
22	36568511	0|0	0|0
22	36568512	0|0	0|0
22	36568516	0|0	0|0
22	36568538	0|0	0|0
22	36568594	0|0	0|0
22	36568595	0|0	0|0
22	36568596	0|0	0|0
22	36568601	0|0	0|0
22	36568606	0|0	0|0
22	36568609	0|0	0|0
22	36568629	0|0	0|0
22	36568636	0|0	0|0
22	36568653	0|0	0|0
22	36568656	0|0	0|0
22	36568660	0|0	0|0
22	36568669	0|0	0|0
22	36568702	0|0	0|0
22	36568752	0|0	0|0
22	36568766	0|0	0|0
22	36568787	0|0	0|0
22	36568810	0|0	0|0
22	36568814	0|0	0|0
22	36568834	0|0	0|0
22	36568837	0|0	0|0
22	36568878	0|0	0|0
22	36568890	0|0	0|0
22	36568895	0|0	0|0
22	36568915	0|0	0|0
22	36568945	0|0	0|0
22	36568952	0|0	0|0
22	36568976	0|0	0|0
22	36569030	0|0	0|0
22	36569062	0|0	0|0
22	36569068	0|0	0|0
22	36569073	0|0	0|0
22	36569158	0|0	0|0
22	36569183	0|0	0|0
22	36569195	0|0	0|0
22	36569201	0|0	0|0
22	36569219	0|0	0|0
22	36569220	0|0	0|0
22	36569396	0|0	0|0
22	36569410	0|0	0|0
22	36569411	0|0	0|0
22	36569418	0|0	0|0
22	36569419	0|0	0|0
22	36569426	0|0	0|0
22	36569453	0|0	0|0
22	36569480	0|0	0|0
22	36569491	0|0	0|0
22	36569501	0|0	0|0
22	36569605	0|0	0|0
22	36569726	0|0	0|0
22	36569804	0|0	0|0
22	36569815	0|0	0|0
22	36569884	0|0	0|0
22	36569987	0|0	0|0
22	36570000	0|0	0|0
22	36570005	0|0	0|0
22	36570037	0|0	0|0
22	36570053	0|0	0|0
22	36570075	0|0	0|0
22	36570116	0|0	0|0
22	36570219	0|0	0|0
22	36570284	0|0	0|0
22	36570317	0|0	0|0
22	36570341	0|0	0|0
22	36570364	0|0	0|0
22	36570369	0|0	0|0
22	36570371	0|0	0|0
22	36570376	0|0	0|0
22	36570383	0|0	0|0
22	36570465	0|0	0|0
22	36570479	0|0	0|0
22	36570576	0|0	0|0
22	36570626	0|0	0|0
22	36570627	0|0	0|0
22	36570635	0|0	0|0
22	36570640	0|0	0|0
22	36570688	0|0	0|0
22	36570725	0|0	0|0
22	36570828	0|0	0|0
22	36570871	0|0	0|0
22	36570993	0|0	0|0
22	36571006	0|0	0|0
22	36571151	0|0	0|0
22	36571231	0|0	0|0
22	36571301	0|0	0|0
22	36571379	0|0	0|0
22	36571548	0|0	0|0
22	36571575	0|0	0|0
22	36572054	0|0	0|0
22	36572205	0|0	0|0
22	36572389	0|0	0|0
22	36572640	0|0	0|0
22	36572785	0|0	0|0
22	36572855	0|0	0|0
22	36573153	0|0	0|0
22	36573180	0|0	0|0
22	36573181	0|0	0|0
22	36573207	0|0	0|0
22	36573487	0|0	0|0
22	36573584	0|0	0|0
22	36573707	0|0	0|0
22	36574076	0|0	0|0
22	36574599	0|0	0|0
22	36574819	0|0	0|0
22	36574922	0|0	0|0
22	36574958	0|0	0|0
22	36575051	0|0	0|0
22	36575315	0|0	0|0
22	36576953	0|0	0|0
22	36577353	0|0	0|0
22	36578791	0|0	0|0
22	36582076	0|0	0|0
22	36583386	1|0	0|1
22	36584946	0|0	0|0
22	36585614	0|0	0|0
22	36586102	0|0	0|0
22	36586694	0|0	0|0
22	36587080	0|0	0|0
22	36590534	0|1	0|0
22	36592731	0|0	0|0
22	36602003	0|0	1|0
22	36622427	1|0	0|1
22	36622822	0|1	0|0
22	36631506	0|0	1|0
22	36633225	0|0	0|0
22	36633861	0|0	0|0
22	36634725	0|0	0|0
22	36650004	1|0	0|1
22	36650140	1|0	0|1
22	36658804	1|0	0|1
22	36662722	1|0	0|1
22	36662737	1|0	0|1
22	36680773	1|0	0|1
22	36684980	1|0	0|1
22	36686965	1|0	0|1
22	36691691	1|0	0|1
22	36692813	1|0	0|1
22	36698472	1|0	0|1
22	36700386	1|0	0|1
22	36702149	1|0	0|1
22	36714682	1|0	0|1
22	36729218	1|0	0|1
22	36729810	1|0	0|1
22	36737703	1|0	0|1
22	36756000	1|0	0|1
22	36756075	1|0	1|1
22	36769073	0|1	0|0
22	36782774	0|0	1|0
22	36799222	0|0	1|0
22	36813142	1|0	0|1
22	36823459	1|0	0|1
22	36825982	0|1	0|0
22	36826764	1|0	0|1
22	36827932	0|0	0|0
22	36829015	1|0	0|1
22	36830149	1|0	0|1
22	36830153	1|0	0|1
22	36833404	1|0	0|1
22	36836754	1|0	0|1
22	36849711	1|0	0|1
22	36855321	1|0	0|1
22	36855870	1|0	0|1
22	36861662	1|0	0|1
22	36863235	0|1	0|0
22	36864946	0|1	0|0
22	36875630	0|0	0|0
22	36886571	0|0	1|0
22	36887537	0|0	1|0
22	36887829	0|0	1|0
22	36889816	0|0	1|0
22	36893427	0|0	1|0
22	36894841	0|0	1|0
22	36896351	0|0	1|0
22	36899132	0|0	1|0
22	36901387	0|0	1|0
22	36921202	0|0	1|0
22	36927034	0|0	1|0
22	36929445	0|0	1|0
22	36943351	1|0	1|1
22	36944054	1|0	1|1
22	36945071	1|0	1|1
22	36948986	1|0	1|1
22	36955687	1|0	0|1
22	36958691	0|0	0|0
22	36959871	1|0	0|1
22	36959936	1|0	0|1
22	36978453	1|1	0|1
22	36985809	0|0	0|0
22	36986345	0|1	0|0
22	36987089	0|1	0|0
22	36988772	0|1	0|0
22	36989421	0|1	0|0
22	36990655	0|1	0|0
22	36990750	0|1	0|0
22	37049369	0|0	1|0
22	37082268	0|1	0|0
22	37088045	0|1	0|0
22	37114861	0|1	0|0
22	37119929	1|0	0|1
22	37152307	0|0	0|0
22	37155239	0|0	1|0
22	37161910	1|1	0|1
22	37165545	0|0	1|0
22	37166349	1|0	0|1
22	37175630	1|0	0|1
22	37193540	0|0	1|0
22	37193702	1|0	0|1
22	37208077	1|0	0|1
22	37212335	0|1	0|0
22	37215611	0|0	1|0
22	37215827	0|0	1|0
22	37235698	0|1	0|0
22	37254525	0|1	0|0
22	37266023	1|0	0|1
22	37273044	0|1	0|0
22	37273805	0|1	0|0
22	37276661	0|1	0|0
22	37276820	0|1	0|0
22	37279315	0|1	0|0
22	37279324	0|1	0|0
22	37280609	0|1	0|0
22	37282208	0|1	0|0
22	37282606	0|1	0|0
22	37286376	0|1	0|0
22	37289753	1|0	1|1
22	37292320	0|1	0|0
22	37295288	0|1	0|0
22	37296813	0|1	0|0
22	37296953	0|1	0|0
22	37297221	0|1	0|0
22	37297525	0|1	0|0
22	37302645	0|1	0|0
22	37302826	0|1	0|0
22	37305308	0|1	0|0
22	37308470	1|0	1|0
22	37309447	0|1	0|0
22	37312236	0|1	0|0
22	37317441	1|0	0|1
22	37318479	0|1	0|0
22	37319436	0|1	0|0
22	37320500	0|1	0|0
22	37325023	0|1	0|0
22	37325833	0|1	0|0
22	37343802	0|0	0|0
22	37357670	1|0	0|0
22	37365352	0|1	0|1
22	37367245	0|0	0|1
22	37369148	0|0	0|0
22	37371389	0|0	0|0
22	37372880	0|0	0|0
22	37372944	0|0	0|0
22	37373518	0|0	0|0
22	37378858	0|0	0|0
22	37379640	0|0	0|0
22	37380380	0|0	0|0
22	37384699	0|0	0|0
22	37389998	0|0	0|0
22	37402793	0|0	0|1
22	37408847	0|0	0|1
22	37412858	0|0	0|1
22	37417070	0|0	0|0
22	37423154	0|0	0|1
22	37431880	0|1	1|0
22	37432693	0|0	0|1
22	37448552	0|0	0|0
22	37454597	0|0	1|0
22	37460442	0|0	0|1
22	37488012	0|0	0|0
22	37504132	0|0	0|0
22	37514178	0|1	0|0
22	37514633	1|0	1|1
22	37520782	0|0	0|1
22	37542844	0|0	0|0
22	37550429	0|1	1|0
22	37584323	0|0	0|1
22	37592308	0|0	0|1
22	37601041	1|0	1|0
22	37644452	0|0	0|1
22	37675690	1|0	1|0
22	37676460	0|1	0|0
22	37691380	0|0	0|0
22	37705072	1|0	1|0
22	37722479	1|0	1|0
22	37722638	0|1	0|0
22	37723124	1|0	1|0
22	37726109	1|0	1|0
22	37726974	1|0	1|0
22	37727316	1|0	1|0
22	37727800	1|0	1|0
22	37729997	1|0	1|0
22	37731918	1|0	1|0
22	37732627	1|0	1|0
22	37733405	1|0	1|0
22	37734033	1|0	1|0
22	37737144	1|0	1|0
22	37737423	1|0	1|0
22	37737498	1|0	1|0
22	37737603	1|0	1|0
22	37739500	1|0	1|0
22	37740322	1|0	1|0
22	37740371	1|0	1|0
22	37741225	1|0	1|0
22	37742939	1|0	1|0
22	37745734	1|0	1|0
22	37747282	1|0	1|0
22	37748690	0|1	0|0
22	37753833	1|0	1|0
22	37763811	1|0	1|0
22	37765157	1|0	1|0
22	37766471	1|0	1|0
22	37769044	1|1	1|0
22	37820271	1|0	1|0
22	37848890	1|0	1|0
22	37905703	1|0	1|0
22	37905708	1|0	1|0
22	37907310	0|1	0|0
22	37913403	0|1	0|0
22	37916186	0|1	0|0
22	37922261	0|1	0|0
22	37926759	0|1	0|0
22	37928093	0|1	0|0
22	37929493	1|0	1|0
22	37931597	0|1	0|0
22	37931904	0|1	0|0
22	37933802	0|1	0|0
22	37937314	1|0	1|0
22	37942588	1|0	1|0
22	37950268	1|0	1|0
22	37958548	0|0	0|1
22	37974592	1|0	1|0
22	37978834	0|0	0|1
22	38004624	0|0	1|0
22	38008246	0|0	0|0
22	38033470	1|0	1|0
22	38034570	0|1	0|0
22	38036328	0|0	0|1
22	38042948	0|1	0|0
22	38065880	0|0	0|0
22	38078202	0|0	0|0
22	38078705	0|0	0|0
22	38085138	0|1	0|0
22	38086370	0|1	0|0
22	38090072	0|1	0|0
22	38094408	0|1	0|0
22	38094770	0|1	0|0
22	38098641	1|1	1|1
22	38098718	0|1	0|0
22	38109572	1|0	1|0
22	38119400	1|0	1|1
22	38140007	1|0	0|0
22	38148539	1|0	1|1
22	38157691	1|0	0|0
22	38158608	0|1	0|0
22	38173802	1|0	1|1
22	38189564	1|0	1|0
22	38208364	1|0	1|0
22	38209660	1|0	1|0
22	38217751	0|0	0|0
22	38231590	0|0	0|0
22	38243990	0|1	0|0
22	38254887	1|0	0|0
22	38263588	0|1	0|0
22	38272667	0|1	0|0
22	38272894	1|0	0|0
22	38275845	0|0	0|1
22	38293426	0|0	0|0
22	38302641	1|0	1|0
22	38308855	0|0	0|0
22	38314796	0|0	0|1
22	38320218	0|0	0|1
22	38323352	0|0	0|1
22	38331028	0|1	0|0
22	38366237	0|0	0|0
22	38371933	0|1	0|0
22	38375453	0|0	1|0
22	38390814	0|1	0|0
22	38392694	0|1	0|0
22	38400809	1|0	1|0
22	38414396	1|0	1|0
22	38425308	1|0	1|0
22	38442813	0|0	0|1
22	38452296	1|0	1|0
22	38454366	0|0	0|1
22	38460649	0|0	0|1
22	38464024	1|0	1|0
22	38464287	0|0	0|1
22	38473426	0|0	0|1
22	38477589	0|0	0|1
22	38481287	0|0	0|1
22	38498911	1|0	1|0
22	38500270	0|0	0|1
22	38526090	0|0	0|0
22	38544866	1|0	1|1
22	38553397	1|0	1|0
22	38554775	1|0	1|0
22	38561853	0|0	0|1
22	38580397	1|0	1|0
22	38609183	0|1	0|1
22	38624787	1|0	1|0
22	38636738	1|0	1|1
22	38669015	0|0	0|0
22	38680865	1|0	1|0
22	38686081	0|0	0|0
22	38686478	0|0	0|0
22	38690825	0|1	0|0
22	38691351	0|1	0|0
22	38713479	1|0	1|1
22	38724062	1|0	0|0
22	38754366	0|0	0|0
22	38795016	1|0	1|1
22	38815339	1|0	1|1
22	38819934	0|1	1|0
22	38839873	0|0	0|0
22	38861643	0|0	0|0
22	38917262	1|0	1|0
22	38931539	0|1	0|0
22	38946220	1|0	1|0
22	39013796	0|0	0|0
22	39024030	1|0	0|0
22	39024892	0|0	0|0
22	39040598	0|1	0|0
22	39040617	0|1	0|0
22	39056415	1|0	1|0
22	39103193	0|0	0|0
22	39105146	0|1	0|0
22	39113021	1|0	1|0
22	39116543	1|0	1|0
22	39119397	0|0	0|1
22	39128842	1|0	1|0
22	39137513	1|0	0|0
22	39140264	1|0	1|0
22	39145571	1|0	1|0
22	39172298	0|1	0|0
22	39183216	0|0	0|0
22	39202103	0|0	0|1
22	39208728	0|0	0|0
22	39209905	1|0	0|1
22	39244680	0|0	0|0
22	39267378	1|0	0|0
22	39271237	0|0	0|1
22	39276060	0|1	0|0
22	39276966	1|0	0|0
22	39288239	0|1	0|0
22	39299802	1|0	1|0
22	39312811	0|1	0|0
22	39323331	0|0	0|1
22	39332374	1|0	1|0
22	39357549	1|0	0|0
22	39373136	1|0	0|1
22	39412244	0|0	0|0
22	39413103	1|0	1|0
22	39442480	0|0	0|0
22	39443754	0|1	0|0
22	39466807	0|0	0|0
22	39471100	0|0	0|0
22	39475386	0|0	0|0
22	39480501	0|1	0|0
22	39481012	0|1	0|1
22	39484001	0|0	0|0
22	39484905	0|0	0|0
22	39503861	0|0	0|0
22	39526303	0|1	0|0
22	39535747	1|0	0|1
22	39536822	1|0	0|1
22	39553330	0|0	0|0
22	39553369	0|1	0|0
22	39567302	1|0	0|0
22	39604516	1|0	0|1
22	39611127	0|0	1|0
22	39615960	0|1	0|0
22	39618025	0|1	0|0
22	39626542	0|1	0|0
22	39630009	0|0	1|0
22	39642559	0|0	1|0
22	39695650	0|1	0|1
22	39750582	0|0	0|1
22	39773861	1|0	0|0
22	39780961	1|0	1|0
22	39790712	0|1	0|0
22	39798237	0|1	0|0
22	39802495	1|0	1|0
22	39889338	1|0	1|0
22	39889895	1|0	1|0
22	39921668	1|0	1|0
22	39937382	0|0	0|0
22	39937958	0|0	0|1
22	39950375	0|1	0|0
22	39951454	0|1	0|0
22	39967880	0|1	0|0
22	40029036	1|0	0|0
22	40056816	0|1	1|0
22	40086727	0|1	1|0
22	40117089	0|1	1|0
22	40121303	0|1	1|0
22	40132000	0|1	1|0
22	40151443	0|1	1|0
22	40151565	0|1	1|0
22	40153066	0|1	1|0
22	40217669	0|1	1|0
22	40219718	0|1	1|0
22	40229946	1|0	0|0
22	40256298	0|1	1|0
22	40261142	0|1	1|0
22	40276984	1|0	0|0
22	40290834	0|1	1|0
22	40295926	0|1	1|0
22	40301174	0|1	1|0
22	40308253	0|1	1|0
22	40311820	0|1	1|0
22	40335424	0|1	1|0
22	40380112	0|0	0|0
22	40390715	1|0	0|0
22	40397965	1|0	0|0
22	40403988	0|0	0|1
22	40417571	0|0	0|1
22	40424922	0|0	0|1
22	40442850	0|1	1|0
22	40481736	0|0	0|1
22	40499487	1|0	0|0
22	40506048	0|0	0|1
22	40510212	1|0	0|0
22	40510361	1|0	0|0
22	40522783	0|1	1|0
22	40524778	1|0	0|0
22	40527794	0|0	0|1
22	40531889	0|1	1|0
22	40532086	0|1	1|0
22	40532529	0|1	1|0
22	40535278	0|1	1|0
22	40537164	0|1	1|0
22	40538659	0|1	1|0
22	40540751	0|1	1|0
22	40544666	0|1	1|0
22	40545353	0|1	1|0
22	40545828	0|1	1|0
22	40546055	0|1	1|0
22	40548422	0|1	1|0
22	40548487	0|1	1|0
22	40549808	0|1	1|0
22	40550421	0|1	1|0
22	40551438	0|1	1|0
22	40555059	0|1	1|0
22	40560211	0|1	1|0
22	40563703	1|0	0|0
22	40573012	0|1	1|0
22	40577258	0|1	1|0
22	40582529	0|1	1|0
22	40605504	1|0	0|0
22	40616711	1|0	0|0
22	40629980	1|0	0|0
22	40638521	0|1	1|0
22	40641442	0|1	1|0
22	40646462	0|1	1|0
22	40647499	0|1	1|0
22	40666908	0|1	1|0
22	40696881	0|1	1|0
22	40727649	1|0	0|1
22	40729154	1|0	0|0
22	40733604	0|0	0|0
22	40737362	0|1	1|0
22	40738486	0|1	1|0
22	40743813	0|1	1|0
22	40752263	0|0	0|0
22	40755480	1|1	1|0
22	40772182	1|0	0|0
22	40773310	0|1	1|0
22	40788631	0|1	1|0
22	40795547	0|1	1|0
22	40811146	0|0	0|0
22	40821673	0|1	1|0
22	40831256	0|0	0|0
22	40843534	0|1	1|0
22	40863004	1|0	0|0
22	40868982	0|1	1|0
22	40869487	1|0	0|0
22	40880096	1|0	0|0
22	40905013	0|1	1|0
22	40942021	0|0	0|0
22	40942600	1|0	0|0
22	40965767	1|0	0|0
22	40974496	0|1	1|0
22	40984994	0|1	1|0
22	41009015	0|0	0|0
22	41020809	1|0	0|0
22	41046355	0|0	0|0
22	41056128	0|1	1|0
22	41078665	0|0	0|0
22	41083682	1|1	1|0
22	41112935	1|0	0|0
22	41129378	1|0	0|0
22	41157600	0|1	1|0
22	41158141	1|0	0|0
22	41160900	1|0	0|0
22	41174776	0|0	0|1
22	41178633	0|1	1|0
22	41217819	0|1	1|1
22	41228266	0|0	0|0
22	41228271	0|0	0|0
22	41242470	0|1	1|0
22	41258309	0|1	1|0
22	41266586	0|1	1|0
22	41283837	0|1	1|0
22	41297201	0|1	1|0
22	41309135	0|1	1|0
22	41341760	0|1	1|0
22	41353318	0|1	1|0
22	41396396	0|1	1|0
22	41402321	0|1	1|0
22	41422179	0|1	1|0
22	41428934	0|1	1|0
22	41464393	0|0	0|1
22	41469709	0|0	0|1
22	41484011	1|0	0|1
22	41508134	0|1	1|0
22	41524601	0|0	0|1
22	41530167	1|1	1|0
22	41557482	0|1	1|0
22	41567673	0|1	1|0
22	41581731	0|1	1|0
22	41595114	0|1	1|0
22	41602148	0|1	1|0
22	41607561	0|0	0|1
22	41623029	0|1	1|0
22	41629336	0|1	1|0
22	41635883	0|1	1|0
22	41636102	0|1	1|0
22	41643732	1|0	0|0
22	41650848	1|0	0|0
22	41663244	0|1	1|0
22	41669567	0|1	0|0
22	41675469	0|1	1|0
22	41681109	0|1	1|0
22	41687157	0|1	1|0
22	41697981	0|1	1|0
22	41716591	0|0	0|1
22	41721853	0|1	1|0
22	41732753	0|1	1|0
22	41732915	0|1	1|0
22	41733262	1|0	0|1
22	41775812	0|1	1|0
22	41776604	1|0	0|0
22	41778617	0|1	1|0
22	41792282	0|1	1|0
22	41801549	0|1	1|0
22	41804959	0|1	1|0
22	41807375	0|1	1|0
22	41809937	0|1	1|0
22	41815533	0|1	1|0
22	41816340	0|1	1|0
22	41818445	0|1	1|0
22	41822064	0|1	1|0
22	41822728	0|1	1|0
22	41829179	0|1	1|0
22	41830482	0|1	1|0
22	41832561	0|1	1|0
22	41836796	0|1	1|0
22	41847595	0|1	1|0
22	41849021	0|1	1|0
22	41851740	0|1	1|0
22	41852200	0|1	1|0
22	41856041	0|1	1|0
22	41856527	0|1	1|0
22	41857512	0|1	1|0
22	41866893	0|1	1|0
22	41868770	0|1	1|0
22	41869901	0|1	1|0
22	41870373	0|1	1|0
22	41874262	0|1	1|0
22	41874466	0|1	1|0
22	41874740	0|1	1|0
22	41875294	0|1	1|0
22	41875381	0|1	1|0
22	41881602	0|1	1|0
22	41900090	0|1	1|0
22	41904507	0|1	1|0
22	41904965	0|1	1|0
22	41905147	0|1	1|0
22	41911659	0|1	1|0
22	41916613	0|1	1|0
22	41916730	0|1	1|0
22	41917039	1|0	0|1
22	41918321	0|1	1|0
22	41922591	0|1	1|0
22	41922630	0|1	1|0
22	41923280	0|1	1|0
22	41939947	0|1	1|0
22	41948340	0|1	1|0
22	41950755	0|1	1|0
22	41952123	0|1	1|0
22	41955293	0|1	1|0
22	41960324	0|1	1|0
22	41985797	1|0	0|0
22	41993179	1|0	0|0
22	41996253	0|1	1|0
22	42009666	1|0	0|0
22	42016526	1|0	0|0
22	42019581	1|0	0|0
22	42045143	0|0	0|1
22	42054803	0|1	1|0
22	42060626	1|0	0|0
22	42064838	0|0	0|1
22	42064866	0|1	1|0
22	42068346	1|0	0|0
22	42086215	0|1	1|0
22	42112437	1|0	0|0
22	42113165	1|0	0|0
22	42113660	0|1	1|0
22	42133567	1|0	0|0
22	42139043	0|1	1|0
22	42144372	0|0	0|1
22	42163686	0|1	1|0
22	42173184	0|1	1|0
22	42179576	1|0	0|0
22	42207284	0|1	1|0
22	42207705	0|1	1|0
22	42211455	0|1	1|0
22	42216104	0|1	1|0
22	42247984	1|0	0|0
22	42258807	0|0	1|0
22	42295178	0|0	0|0
22	42314392	0|0	0|0
22	42318068	0|0	0|0
22	42334367	0|0	1|0
22	42357105	0|0	0|0
22	42380849	1|1	1|0
22	42386546	1|0	0|0
22	42392091	0|0	0|0
22	42407163	1|0	0|0
22	42454353	1|0	0|0
22	42460823	0|1	1|0
22	42464824	0|1	1|0
22	42480421	0|0	0|0
22	42486080	0|0	0|0
22	42495089	0|1	0|1
22	42525305	0|1	1|0
22	42526524	0|0	0|0
22	42526763	0|0	0|1
22	42537628	1|0	0|0
22	42537630	1|0	0|0
22	42540377	0|1	1|0
22	42542651	0|0	0|0
22	42543080	1|0	0|1
22	42551765	1|0	0|0
22	42557978	1|0	0|1
22	42559051	0|0	0|1
22	42580158	0|0	0|1
22	42584299	1|0	1|0
22	42592794	0|1	1|0
22	42593391	0|1	1|0
22	42617745	1|1	1|0
22	42618662	0|0	0|1
22	42627290	0|0	0|1
22	42630772	0|0	0|1
22	42631773	0|0	0|1
22	42632747	1|0	0|0
22	42637023	0|0	0|0
22	42638140	1|0	0|0
22	42642395	1|0	0|0
22	42659964	0|0	0|0
22	42669104	0|0	0|0
22	42682262	1|0	0|0
22	42683200	0|0	0|0
22	42706451	1|1	1|0
22	42725745	1|0	0|0
22	42727231	1|0	0|0
22	42729040	1|0	0|0
22	42729096	1|0	0|0
22	42745236	0|1	1|0
22	42759320	0|0	0|0
22	42774257	0|1	1|0
22	42789438	0|0	0|0
22	42791819	0|1	1|0
22	42796836	0|0	0|0
22	42807216	0|0	0|0
22	42810577	0|0	1|0
22	42811156	0|0	0|0
22	42813881	0|1	1|0
22	42817792	0|0	0|0
22	42819118	0|1	1|1
22	42820207	0|1	1|0
22	42820426	0|0	0|0
22	42821698	0|0	0|0
22	42822001	0|0	0|0
22	42823573	0|0	0|0
22	42833733	0|0	0|0
22	42835776	0|0	0|0
22	42843504	0|0	0|0
22	42846665	0|0	0|0
22	42852567	0|1	1|0
22	42853208	0|0	0|0
22	42863351	0|0	0|0
22	42865263	0|1	1|0
22	42879837	0|1	0|0
22	42882012	0|0	0|0
22	42883848	0|1	1|0
22	42889891	0|1	1|0
22	42891001	0|1	0|0
22	42897027	0|1	1|0
22	42916572	0|0	1|0
22	42919188	0|1	1|0
22	42924368	0|1	1|0
22	42926311	0|1	1|0
22	42937097	1|0	1|0
22	42943225	0|1	1|0
22	42952150	0|1	0|0
22	42972894	0|1	1|0
22	42982222	0|0	0|0
22	43011857	0|1	1|0
22	43014713	1|0	0|0
22	43046050	1|0	0|1
22	43053140	0|0	0|0
22	43054557	0|1	1|0
22	43054589	0|0	0|0
22	43064439	0|0	0|0
22	43081681	1|0	0|1
22	43105073	0|1	1|0
22	43105073	1|0	0|0
22	43132180	0|1	1|0
22	43139399	0|0	1|0
22	43141350	0|0	0|0
22	43142577	0|0	0|0
22	43144289	0|0	0|0
22	43144592	0|0	0|0
22	43144950	0|0	0|0
22	43145641	0|0	0|0
22	43148076	0|0	0|0
22	43148321	0|0	0|0
22	43148743	0|1	1|0
22	43150062	0|0	0|0
22	43150392	0|0	0|0
22	43153792	0|0	0|0
22	43154073	0|0	0|0
22	43178043	1|0	0|0
22	43185518	0|0	0|1
22	43206167	1|0	0|0
22	43217080	0|1	1|0
22	43221791	0|1	1|0
22	43230701	0|1	1|0
22	43265763	0|0	0|1
22	43268095	0|1	1|0
22	43270932	0|1	1|0
22	43277863	0|1	1|0
22	43291279	0|1	1|0
22	43303882	1|0	0|0
22	43312552	1|0	0|0
22	43325352	0|1	1|0
22	43331177	0|1	1|0
22	43346416	1|1	1|1
22	43360303	0|1	1|0
22	43360835	0|1	1|0
22	43365550	1|0	0|0
22	43381073	0|1	1|0
22	43382098	0|1	1|0
22	43385462	0|1	0|0
22	43385468	0|0	0|1
22	43420854	0|1	1|0
22	43423572	0|1	1|0
22	43431837	0|0	0|1
22	43431852	0|0	0|1
22	43435435	0|1	1|0
22	43436554	0|0	0|0
22	43438180	1|0	0|0
22	43444046	0|0	0|1
22	43446390	0|0	0|1
22	43451913	0|0	0|1
22	43465940	0|0	0|1
22	43479630	0|0	0|1
22	43488644	0|0	0|1
22	43488878	1|0	0|1
22	43493695	0|0	0|1
22	43494506	0|1	1|0
22	43494953	0|0	0|1
22	43495678	0|1	1|0
22	43496296	0|1	1|0
22	43499734	0|1	1|0
22	43502927	0|0	1|0
22	43512327	0|0	0|1
22	43525332	0|1	1|0
22	43557428	0|1	1|0
22	43565704	0|1	1|0
22	43569380	1|0	0|0
22	43577328	0|1	1|0
22	43583484	0|0	0|0
22	43592621	0|1	1|0
22	43596394	1|0	1|0
22	43607868	0|0	0|0
22	43623612	0|0	0|0
22	43631866	0|0	0|0
22	43655090	1|0	0|0
22	43662040	1|0	0|0
22	43694930	0|0	0|0
22	43696044	1|0	0|0
22	43705158	0|0	0|1
22	43714854	0|0	0|1
22	43718151	1|0	0|1
22	43723591	0|1	1|0
22	43734518	0|0	0|1
22	43762542	0|0	0|0
22	43766598	1|1	1|1
22	43773275	1|1	1|1
22	43814213	0|1	1|0
22	43837845	1|1	1|0
22	43840198	1|1	1|0
22	43845320	0|0	0|1
22	43865353	1|1	1|1
22	43874553	0|0	0|1
22	43874812	0|0	0|1
22	43880530	1|0	0|0
22	43881781	0|0	1|0
22	43884138	0|0	0|0
22	43890574	0|1	1|0
22	43897239	0|0	0|1
22	43900427	0|0	0|1
22	43915453	0|0	0|1
22	43931329	0|0	0|1
22	43940732	0|1	1|0
22	43955127	0|0	0|0
22	43974783	0|0	0|1
22	43985160	1|0	1|1
22	43986991	0|1	1|0
22	44003420	0|1	1|0
22	44024301	0|0	0|1
22	44048160	0|0	0|1
22	44049888	0|1	1|0
22	44057420	0|0	0|1
22	44069981	0|0	0|1
22	44083002	0|0	0|0
22	44096998	0|0	0|0
22	44113251	0|0	0|1
22	44113943	0|1	1|0
22	44131786	0|0	0|1
22	44132019	0|1	1|0
22	44148033	0|0	0|1
22	44160300	0|0	0|1
22	44179105	0|0	0|1
22	44180299	0|0	0|1
22	44193315	0|0	0|1
22	44196183	0|1	1|0
22	44215189	0|0	0|0
22	44220389	0|1	1|0
22	44223239	0|0	0|1
22	44226911	0|1	0|0
22	44228914	0|0	0|0
22	44238974	0|1	1|0
22	44254509	0|0	0|1
22	44275903	0|0	0|0
22	44287403	0|1	1|0
22	44299104	1|0	0|0
22	44305065	0|1	1|0
22	44318244	1|0	0|0
22	44319440	0|1	1|0
22	44327768	0|0	0|1
22	44332494	0|0	0|1
22	44343707	0|0	0|0
22	44384368	0|0	0|0
22	44396533	0|0	0|1
22	44412166	0|0	0|0
22	44417927	0|0	0|0
22	44418626	0|1	1|0
22	44421861	1|0	0|0
22	44427251	0|0	0|0
22	44427696	0|0	0|0
22	44437968	0|0	0|0
22	44455489	0|1	1|0
22	44456878	0|0	0|0
22	44456883	0|1	0|0
22	44469164	0|0	0|0
22	44471123	0|0	0|1
22	44491385	0|1	1|0
22	44497309	0|1	1|0
22	44498057	0|1	1|0
22	44499467	0|1	1|0
22	44509239	0|1	1|1
22	44509983	0|1	1|0
22	44510450	0|1	1|1
22	44511918	0|1	1|0
22	44515711	0|0	0|0
22	44516989	0|1	1|0
22	44518571	0|1	1|0
22	44522964	0|1	1|0
22	44524322	0|1	1|0
22	44525635	0|1	1|0
22	44528135	0|1	1|0
22	44529130	1|0	0|0
22	44529937	0|0	0|0
22	44536257	1|0	0|0
22	44542739	1|0	0|0
22	44552586	0|1	1|0
22	44554562	0|1	1|0
22	44577649	0|0	0|1
22	44616169	0|0	0|0
22	44630242	0|0	0|0
22	44640125	0|1	1|0
22	44642734	1|1	1|0
22	44645515	0|0	0|1
22	44674482	1|0	0|0
22	44675759	1|0	0|0
22	44677189	0|0	0|1
22	44695199	1|0	0|0
22	44733509	0|1	1|0
22	44734901	0|1	1|0
22	44747190	0|1	1|0
22	44758421	0|0	0|1
22	44781162	0|1	1|0
22	44795131	0|1	1|0
22	44835074	0|1	1|0
22	44840030	0|1	1|0
22	44843345	0|1	1|0
22	44843461	0|1	1|0
22	44847561	0|1	1|0
22	44862071	0|0	0|1
22	44876452	0|1	1|0
22	44880242	0|1	1|0
22	44887499	0|1	1|0
22	44903464	0|0	0|0
22	44903465	0|0	0|0
22	44904813	0|0	0|1
22	44926983	1|0	0|0
22	44927044	0|1	1|0
22	44932250	0|1	1|0
22	44952532	0|1	1|0
22	44954835	1|0	0|0
22	44963220	0|1	0|0
22	44991701	0|1	0|0
22	44999154	0|0	0|1
22	45000159	1|1	1|0
22	45005797	1|0	0|0
22	45006735	0|1	0|0
22	45009782	1|0	0|0
22	45020852	0|0	0|1
22	45022421	0|0	0|1
22	45030802	1|0	0|0
22	45031945	0|1	1|0
22	45046571	1|0	0|0
22	45051908	0|0	0|1
22	45060069	0|0	0|0
22	45061927	0|0	0|1
22	45075042	1|0	0|0
22	45075790	0|0	0|1
22	45077963	0|1	1|0
22	45087181	0|1	1|0
22	45090532	0|0	0|0
22	45093550	0|0	0|0
22	45100355	1|0	0|0
22	45114041	1|0	0|0
22	45118742	1|0	0|0
22	45122261	0|1	0|0
22	45123035	0|0	0|1
22	45136454	0|0	0|0
22	45143517	0|0	0|0
22	45149446	0|0	0|1
22	45154096	0|0	0|1
22	45168133	1|1	1|0
22	45181513	1|0	1|0
22	45192074	1|0	1|0
22	45200245	1|0	1|0
22	45201588	1|0	1|0
22	45215913	0|0	0|0
22	45216406	0|0	0|1
22	45217892	0|0	0|0
22	45218286	0|0	0|0
22	45219872	0|0	0|0
22	45221177	0|0	0|0
22	45221580	0|0	0|0
22	45222450	0|0	0|1
22	45224200	0|0	0|1
22	45224543	0|0	0|1
22	45225162	0|0	0|1
22	45225826	0|0	0|1
22	45227493	0|0	0|0
22	45231527	0|0	0|0
22	45235204	0|0	0|0
22	45235264	0|0	0|0
22	45237410	0|0	0|1
22	45239335	0|0	0|1
22	45239439	1|0	1|0
22	45244281	1|0	1|0
22	45260036	0|0	0|1
22	45260939	1|0	1|0
22	45260942	0|1	0|0
22	45265633	0|0	0|0
22	45268488	1|0	1|0
22	45278639	1|0	1|0
22	45280090	0|0	0|0
22	45295165	0|1	0|0
22	45300754	0|1	0|0
22	45300755	0|1	0|0
22	45318736	0|0	0|1
22	45321906	0|0	0|1
22	45350073	1|0	1|0
22	45356065	1|0	1|0
22	45364547	1|0	1|0
22	45366563	1|0	1|0
22	45368290	1|0	1|0
22	45374051	1|0	1|0
22	45380057	1|0	1|0
22	45389955	1|0	1|0
22	45393680	1|0	1|0
22	45394714	1|0	1|0
22	45396060	1|0	1|0
22	45396575	1|0	1|0
22	45404497	1|0	1|0
22	45405433	1|0	1|0
22	45405549	1|0	1|0
22	45407148	1|0	1|0
22	45408347	1|0	1|0
22	45409639	1|0	1|0
22	45409735	1|0	1|0
22	45411582	1|0	1|0
22	45420837	0|0	0|1
22	45462242	0|1	0|0
22	45464049	1|0	1|0
22	45508769	0|0	0|0
22	45516623	1|1	1|1
22	45527442	1|1	1|0
22	45529171	0|0	0|1
22	45533353	1|0	1|0
22	45535850	0|0	0|1
22	45547452	0|1	0|0
22	45552016	1|0	1|0
22	45554905	0|1	0|0
22	45559277	0|0	0|0
22	45562164	0|1	0|1
22	45563675	1|0	1|0
22	45584931	0|1	0|0
22	45596157	1|0	1|0
22	45601277	1|0	0|0
22	45621777	1|0	1|0
22	45623759	1|0	1|0
22	45624439	0|0	0|1
22	45625219	1|1	1|1
22	45636671	1|1	1|0
22	45641554	0|0	0|0
22	45651881	1|0	1|0
22	45662834	0|1	0|0
22	45666517	0|0	0|1
22	45669989	1|0	1|0
22	45674436	0|0	0|0
22	45674516	0|0	0|0
22	45675375	0|0	0|1
22	45678102	1|1	1|1
22	45679896	0|0	0|0
22	45681511	1|1	1|1
22	45681745	0|0	0|0
22	45682061	0|0	0|0
22	45689893	1|0	1|0
22	45691025	1|0	1|0
22	45699829	1|0	1|0
22	45811865	0|0	0|0
22	45828265	0|0	0|0
22	45830187	0|0	0|1
22	45836695	1|0	1|0
22	45841604	1|0	1|0
22	45853108	0|1	0|0
22	45855095	1|0	1|0
22	45871507	0|0	0|1
22	45875936	1|0	0|0
22	45890962	0|0	0|1
22	45942276	0|1	0|1
22	45966991	1|1	1|1
22	45969930	0|0	1|0
22	45972036	0|1	0|1
22	45978662	1|0	0|1
22	45986351	0|0	0|0
22	45992792	0|0	1|0
22	45993743	0|1	0|0
22	45996836	0|1	0|0
22	46002319	0|1	0|0
22	46025353	1|0	1|0
22	46030775	0|0	0|1
22	46033407	1|0	1|0
22	46055272	0|0	0|1
22	46068694	0|1	0|0
22	46090251	0|0	0|1
22	46144326	0|1	0|0
22	46153525	0|0	0|1
22	46154403	1|0	1|0
22	46227823	1|0	1|0
22	46229891	1|0	1|0
22	46230334	1|0	1|0
22	46250282	1|0	1|0
22	46283225	0|0	0|0
22	46283395	0|0	0|0
22	46283418	0|0	0|0
22	46287950	1|0	1|0
22	46305919	1|0	1|0
22	46319159	1|0	1|0
22	46323716	1|0	1|0
22	46327855	0|0	0|1
22	46336999	1|0	1|0
22	46351370	0|0	1|0
22	46356267	1|0	0|1
22	46369342	1|0	0|0
22	46381333	0|0	0|0
22	46389340	0|0	1|0
22	46429071	0|0	0|0
22	46436143	0|1	0|0
22	46444280	1|0	0|1
22	46460038	1|0	0|1
22	46469759	1|0	0|1
22	46483584	1|0	0|1
22	46488845	1|0	0|1
22	46506523	1|0	0|0
22	46507257	0|0	1|0
22	46513536	1|0	0|1
22	46515993	1|0	0|1
22	46530732	0|0	1|0
22	46534310	0|0	1|0
22	46542413	1|0	0|1
22	46545298	0|0	1|0
22	46572063	1|0	0|1
22	46572908	1|0	0|1
22	46573651	1|0	0|1
22	46576762	1|0	0|1
22	46595692	1|0	0|1
22	46617552	0|0	1|0
22	46642436	1|0	0|1
22	46682993	0|0	1|0
22	46692933	0|0	1|0
22	46698662	1|0	0|1
22	46699188	1|0	0|1
22	46705685	1|0	0|1
22	46731383	1|0	0|1
22	46739024	1|0	0|1
22	46743687	0|0	1|0
22	46760193	1|0	0|1
22	46785394	1|0	0|1
22	46802870	0|0	0|0
22	46818912	1|0	0|1
22	46819232	1|0	0|1
22	46821435	1|0	0|1
22	46822765	1|0	0|1
22	46823952	1|0	0|1
22	46826009	1|0	0|1
22	46828327	1|0	0|1
22	46828986	1|0	0|1
22	46831393	1|0	0|1
22	46835377	1|0	0|1
22	46843529	1|0	0|1
22	46849631	0|1	1|0
22	46859719	1|0	0|1
22	46869371	1|0	0|1
22	46874026	0|0	1|0
22	46897904	0|0	1|0
22	46914581	1|0	0|1
22	46938964	0|1	0|0
22	46940026	1|0	0|0
22	46974305	1|0	0|1
22	46978340	1|0	0|1
22	46979846	1|0	0|1
22	46993034	0|0	1|0
22	46999410	1|1	1|1
22	47006886	0|0	0|0
22	47008003	0|0	0|0
22	47013324	0|0	0|0
22	47021298	0|1	0|0
22	47031696	1|0	0|1
22	47040594	0|1	0|0
22	47046823	0|0	0|0
22	47057121	1|0	0|1
22	47059001	0|1	0|0
22	47073567	1|0	0|1
22	47073728	0|1	0|0
22	47078385	0|0	1|0
22	47084009	0|0	1|0
22	47100152	0|1	0|0
22	47105474	1|0	0|1
22	47112008	1|0	0|1
22	47120687	1|0	0|1
22	47121104	1|0	0|1
22	47129339	1|0	0|1
22	47144282	0|0	0|0
22	47147721	0|1	0|0
22	47152031	1|0	0|1
22	47163412	1|0	0|1
22	47164119	0|0	0|0
22	47175637	0|0	0|1
22	47181114	1|0	0|1
22	47228539	0|0	1|0
22	47230102	1|0	0|1
22	47231748	1|0	0|1
22	47262589	1|0	0|0
22	47265966	0|0	1|0
22	47279395	1|0	0|0
22	47279930	0|1	0|1
22	47284715	1|0	0|0
22	47335393	1|0	0|1
22	47337454	0|0	1|0
22	47337764	1|0	0|1
22	47348131	1|0	0|1
22	47372738	1|0	0|1
22	47387771	0|1	0|0
22	47388405	0|0	1|0
22	47411902	0|0	1|0
22	47414062	0|1	0|0
22	47431390	1|0	0|1
22	47436136	0|0	1|0
22	47437199	0|0	1|0
22	47439209	1|0	0|1
22	47439238	0|0	1|0
22	47439495	0|0	1|0
22	47439510	0|0	1|0
22	47440093	0|0	1|0
22	47441880	0|0	1|0
22	47442489	0|0	1|0
22	47443214	0|0	1|0
22	47443257	0|0	1|0
22	47444782	0|0	1|0
22	47444955	0|0	1|0
22	47446174	0|0	1|0
22	47446179	0|0	1|0
22	47446181	0|0	1|0
22	47446188	0|0	1|0
22	47446472	1|0	0|1
22	47447438	0|0	1|0
22	47449012	1|0	0|1
22	47450668	0|0	0|0
22	47456556	1|0	0|1
22	47458024	1|0	0|1
22	47461552	0|1	0|0
22	47468891	0|1	0|0
22	47470093	0|0	0|1
22	47486632	0|0	1|0
22	47488295	1|0	0|1
22	47489116	0|0	0|1
22	47501823	1|0	0|1
22	47509067	0|1	0|0
22	47510749	0|0	0|0
22	47530073	1|0	0|1
22	47561834	1|0	0|1
22	47567389	0|0	0|0
22	47576867	0|0	1|0
22	47577714	0|0	1|0
22	47578812	0|0	1|0
22	47581009	0|0	1|0
22	47581253	0|0	1|0
22	47595330	0|0	1|0
22	47595783	0|0	1|0
22	47631361	0|1	0|0
22	47650037	1|1	1|1
22	47664556	1|0	0|1
22	47676345	1|0	0|1
22	47685496	1|0	0|1
22	47703240	1|0	0|1
22	47711361	1|0	0|1
22	47741580	0|1	0|0
22	47742757	1|0	0|1
22	47764538	1|0	0|0
22	47765327	1|0	0|1
22	47788436	0|0	1|0
22	47798265	1|0	0|1
22	47800416	1|0	0|1
22	47816517	0|0	1|0
22	47819530	0|0	0|0
22	47821952	1|0	0|1
22	47828979	0|0	0|0
22	47837495	1|0	0|1
22	47853468	1|0	0|1
22	47858159	1|0	0|1
22	47864216	1|0	0|1
22	47864743	0|0	0|0
22	47875335	0|0	1|0
22	47884559	1|0	0|0
22	47894506	0|1	0|0
22	47898444	0|0	1|0
22	47912909	1|0	0|1
22	47939379	0|0	0|0
22	47939472	1|0	0|1
22	47940822	0|1	0|0
22	47943714	1|0	0|1
22	47955065	1|0	0|1
22	47960294	1|0	0|1
22	47962574	1|0	0|1
22	47969460	1|0	0|1
22	47973899	1|0	0|1
22	47974778	1|0	0|1
22	47977521	0|1	0|0
22	47990424	0|1	0|0
22	48003519	1|0	0|1
22	48036950	1|0	0|1
22	48042692	0|1	0|0
22	48073156	1|0	0|1
22	48081621	1|0	0|1
22	48089686	0|0	0|0
22	48090402	1|0	0|1
22	48101660	0|0	0|0
22	48116061	0|1	0|0
22	48133610	0|0	1|0
22	48141664	1|0	0|1
22	48163812	0|0	0|0
22	48165717	1|0	0|1
22	48188515	0|0	0|0
22	48216060	0|0	1|0
22	48216393	0|1	0|0
22	48218248	0|1	0|0
22	48218886	0|1	0|0
22	48231090	1|0	1|1
22	48240445	1|0	0|1
22	48245620	1|0	0|1
22	48245848	0|0	0|0
22	48262981	0|0	1|0
22	48330540	1|0	0|1
22	48333787	0|0	1|0
22	48350838	0|0	0|0
22	48358891	1|0	0|1
22	48370682	0|1	0|0
22	48382337	1|0	0|1
22	48413953	0|0	1|0
22	48442858	0|1	0|0
22	48475917	0|0	1|0
22	48480027	1|0	0|1
22	48484077	0|1	0|0
22	48488536	0|0	0|0
22	48514561	0|0	0|0
22	48555757	0|0	1|0
22	48564885	0|0	1|0
22	48574765	0|0	1|0
22	48577889	0|0	1|0
22	48640369	1|0	0|1
22	48651368	1|0	0|1
22	48671864	0|0	1|0
22	48694145	0|0	1|0
22	48694798	1|0	0|1
22	48699144	1|0	0|1
22	48699672	0|0	1|0
22	48701870	0|0	0|0
22	48729670	0|0	0|0
22	48734930	0|0	1|0
22	48744952	0|0	1|0
22	48755227	0|0	0|0
22	48756076	0|0	0|0
22	48756369	0|0	0|0
22	48756982	0|0	0|0
22	48758200	0|0	0|0
22	48758985	0|0	0|0
22	48759730	0|0	0|0
22	48760922	0|0	0|0
22	48761436	0|0	0|0
22	48761550	0|0	0|0
22	48761812	0|0	0|0
22	48762397	0|0	0|0
22	48763661	0|0	0|0
22	48764001	0|0	0|0
22	48770926	1|0	0|1
22	48771940	0|0	0|0
22	48779186	0|0	1|0
22	48782213	0|1	0|0
22	48784670	0|0	1|0
22	48795696	0|0	0|0
22	48814168	0|0	0|0
22	48814640	0|1	0|0
22	48819632	0|0	0|0
22	48820541	0|0	0|0
22	48821846	0|0	0|0
22	48822496	1|0	0|1
22	48822823	0|0	1|0
22	48823805	0|0	0|0
22	48829786	0|1	0|0
22	48830835	0|1	0|0
22	48832328	0|1	0|0
22	48832789	0|0	0|0
22	48835733	0|0	0|0
22	48835912	0|1	0|0
22	48836808	0|0	0|0
22	48842959	0|1	0|0
22	48843528	1|0	0|1
22	48850232	0|0	0|0
22	48850946	1|0	0|1
22	48853050	0|0	0|0
22	48853546	0|0	0|0
22	48854573	0|1	0|0
22	48856552	1|0	0|1
22	48863287	0|0	0|0
22	48871018	1|0	0|1
22	48888588	0|0	0|0
22	48888707	0|0	0|0
22	48890864	0|0	0|0
22	48892404	0|0	0|0
22	48892926	0|0	0|0
22	48894217	0|0	0|0
22	48894536	0|0	0|0
22	48898970	0|0	1|0
22	48899184	0|0	1|0
22	48904106	1|0	0|1
22	48904108	0|1	0|0
22	48904113	0|0	0|0
22	48905197	0|0	0|0
22	48912209	0|0	1|0
22	48914811	1|0	0|0
22	48943176	0|1	0|0
22	48972204	1|1	0|1
22	49002949	1|0	0|1
22	49014430	0|1	0|0
22	49033216	0|1	0|0
22	49040666	0|1	0|0
22	49042476	0|0	0|0
22	49045652	0|1	0|0
22	49047517	0|0	1|0
22	49049319	0|1	0|0
22	49049838	0|1	0|0
22	49050322	0|1	0|0
22	49052418	0|1	0|0
22	49054168	0|1	0|0
22	49055445	0|1	0|0
22	49055680	0|1	0|0
22	49056207	0|1	0|0
22	49056438	0|1	0|0
22	49057056	0|1	0|0
22	49058511	0|1	0|0
22	49058679	0|1	0|0
22	49058983	0|1	0|0
22	49059107	0|1	0|0
22	49059133	0|1	0|0
22	49059270	0|1	0|0
22	49066760	0|1	0|0
22	49069088	0|1	0|0
22	49078544	1|0	0|1
22	49083756	1|0	0|1
22	49089348	0|0	0|0
22	49090105	0|0	1|0
22	49103396	0|1	0|0
22	49120994	0|0	0|0
22	49138922	0|1	0|0
22	49145803	0|0	1|0
22	49147988	1|0	0|1
22	49150171	1|0	0|1
22	49171081	1|0	0|1
22	49173639	1|0	0|1
22	49188298	1|0	0|1
22	49199239	1|0	0|1
22	49209386	1|0	0|1
22	49217090	0|1	0|0
22	49220600	0|0	0|0
22	49222571	0|0	0|0
22	49226966	0|1	0|0
22	49235680	1|0	0|1
22	49246633	1|0	0|1
22	49247617	1|0	0|1
22	49249012	1|0	0|1
22	49253612	1|0	0|1
22	49255386	1|0	0|1
22	49256143	0|0	0|1
22	49258885	0|0	0|0
22	49262021	1|1	0|1
22	49267025	0|0	0|0
22	49270838	0|1	0|0
22	49273455	0|1	0|0
22	49274807	0|0	0|0
22	49279149	0|1	0|0
22	49279286	0|1	0|0
22	49280006	0|1	0|0
22	49284894	0|1	0|0
22	49285421	0|1	0|0
22	49286236	0|1	0|0
22	49287413	0|0	0|0
22	49288406	0|0	0|1
22	49297328	0|1	0|0
22	49298989	0|1	0|0
22	49318920	0|0	0|0
22	49329705	0|0	1|0
22	49334199	0|1	0|0
22	49339067	1|0	0|1
22	49341718	0|1	0|0
22	49344313	1|1	1|1
22	49346584	0|0	0|0
22	49358925	0|1	0|0
22	49382639	0|0	0|0
22	49387406	0|1	0|0
22	49387407	0|1	0|0
22	49387532	0|0	0|0
22	49391146	0|0	0|0
22	49393006	0|1	0|0
22	49398513	0|0	0|0
22	49400521	0|0	0|0
22	49401444	0|0	0|0
22	49401482	0|0	0|0
22	49403117	0|0	0|0
22	49403526	0|0	0|0
22	49404893	0|0	0|0
22	49406130	0|0	0|0
22	49406962	0|0	0|0
22	49410686	0|0	0|0
22	49410748	0|0	0|0
22	49411175	0|0	0|0
22	49411255	0|0	0|0
22	49414815	0|0	0|0
22	49415719	0|0	0|0
22	49417816	0|0	0|0
22	49418462	0|0	0|0
22	49418549	0|0	0|0
22	49418627	0|0	0|0
22	49418654	0|0	0|0
22	49418701	0|0	0|0
22	49418720	0|0	0|0
22	49418775	0|0	0|0
22	49418776	0|0	0|0
22	49418790	0|0	0|0
22	49419701	0|0	0|0
22	49419704	0|0	0|0
22	49421231	0|0	0|0
22	49422958	0|1	0|0
22	49423437	0|0	0|0
22	49424901	0|0	0|0
22	49426718	0|0	0|0
22	49426774	0|0	0|0
22	49426814	0|0	0|0
22	49426881	0|0	0|0
22	49427009	0|0	0|0
22	49427158	0|0	0|0
22	49430844	0|1	0|0
22	49431323	0|0	0|0
22	49431959	0|0	0|0
22	49433004	0|0	0|0
22	49433493	0|0	0|0
22	49433512	0|1	0|0
22	49433516	0|0	0|0
22	49433832	0|0	0|0
22	49433983	0|0	0|0
22	49434135	0|0	0|0
22	49434149	0|0	0|0
22	49434278	0|0	0|0
22	49434878	0|0	0|0
22	49434893	0|0	0|0
22	49435099	0|0	0|0
22	49435179	0|0	0|0
22	49436900	0|1	0|0
22	49441139	0|1	0|0
22	49443126	0|1	0|0
22	49445222	0|1	0|0
22	49461343	0|1	0|0
22	49468943	1|0	0|1
22	49477206	1|0	0|0
22	49477938	0|0	0|0
22	49479310	1|1	0|1
22	49479366	0|0	0|0
22	49482826	0|0	0|0
22	49484139	0|0	0|0
22	49484294	0|0	0|0
22	49486646	0|0	0|0
22	49486695	0|0	0|0
22	49488100	0|0	0|0
22	49488925	0|0	0|0
22	49492165	0|0	0|0
22	49493091	0|0	0|0
22	49493689	0|0	0|0
22	49495249	1|0	0|1
22	49495279	0|1	1|0
22	49496062	0|1	1|0
22	49496581	0|1	1|0
22	49529968	1|0	0|1
22	49556201	0|1	0|0
22	49557715	0|0	0|0
22	49572957	0|0	1|0
22	49583307	0|0	0|0
22	49586912	0|0	0|0
22	49624215	0|0	0|0
22	49624551	0|1	0|0
22	49627207	0|0	0|0
22	49642406	0|1	0|0
22	49664114	0|0	1|0
22	49668364	0|0	1|0
22	49670789	1|0	0|1
22	49675013	1|0	0|1
22	49675679	0|0	1|0
22	49689035	0|0	1|0
22	49691778	0|0	1|0
22	49699909	1|0	0|1
22	49720561	1|0	0|1
22	49724398	0|1	0|0
22	49741327	1|0	0|1
22	49758918	0|0	1|0
22	49759981	0|1	0|0
22	49775693	1|0	0|1
22	49777968	1|0	0|1
22	49791496	0|1	0|0
22	49800520	1|0	0|1
22	49803742	1|0	0|1
22	49807775	1|0	0|1
22	49814712	0|0	0|0
22	49833933	1|0	0|1
22	49838261	0|0	0|0
22	49843968	0|0	0|0
22	49846200	0|0	0|0
22	49849708	0|0	0|0
22	49852634	0|0	0|0
22	49880308	0|0	0|0
22	49900276	0|1	0|1
22	49900951	0|1	0|1
22	49905109	0|1	0|1
22	49906692	0|0	1|0
22	49907744	0|1	0|1
22	49908506	0|1	0|1
22	49908598	0|1	0|1
22	49909658	0|1	0|1
22	49911437	0|0	0|0
22	49914602	1|0	0|0
22	49914898	1|0	0|0
22	49915570	1|0	0|0
22	49921137	0|0	1|0
22	49953786	0|1	0|1
22	49956766	0|1	0|1
22	49968437	0|1	0|1
22	49969965	0|0	1|0
22	49978427	0|0	0|0
22	49987327	0|1	0|1
22	50000277	0|1	0|1
22	50007671	0|0	0|0
22	50012574	0|1	0|1
22	50016519	1|0	0|0
22	50022522	0|1	0|1
22	50027579	1|0	0|0
22	50027978	1|0	1|0
22	50031961	0|1	0|1
22	50037994	0|1	0|1
22	50044719	0|0	1|0
22	50084343	0|1	1|1
22	50107901	0|0	0|0
22	50109635	0|0	0|0
22	50111107	0|0	0|0
22	50113431	0|1	0|1
22	50115716	1|0	0|0
22	50120728	0|0	1|0
22	50128346	1|0	0|0
22	50135343	0|1	0|1
22	50144447	0|0	0|0
22	50149171	1|0	0|0
22	50149727	0|0	0|0
22	50154815	1|0	0|0
22	50156325	1|0	0|0
22	50157273	0|0	0|0
22	50158487	0|1	0|1
22	50165305	0|0	0|0
22	50166642	0|1	0|1
22	50176889	0|0	1|0
22	50176965	1|0	0|0
22	50182946	0|1	1|0
22	50183249	0|1	1|0
22	50185514	1|0	0|0
22	50190470	0|1	0|1
22	50203152	0|1	1|0
22	50211267	0|0	1|0
22	50236401	0|0	1|0
22	50250283	1|1	1|1
22	50259250	0|0	0|0
22	50259686	0|1	0|1
22	50284492	0|0	1|0
22	50295733	0|0	1|0
22	50295916	1|0	0|0
22	50303088	0|0	1|0
22	50312548	1|0	0|0
22	50317418	0|0	1|0
22	50333107	0|1	0|1
22	50336581	0|1	0|1
22	50338703	1|1	1|1
22	50345509	0|0	1|0
22	50350697	0|1	0|1
22	50351179	0|1	0|1
22	50360220	1|0	0|0
22	50361168	0|1	0|1
22	50363109	1|0	0|0
22	50424799	0|1	0|1
22	50424976	0|1	0|1
22	50426068	0|1	0|1
22	50449648	0|1	0|1
22	50460920	0|1	0|1
22	50463709	0|0	1|0
22	50469853	0|0	0|0
22	50484464	0|1	0|1
22	50493325	1|0	0|0
22	50499957	0|1	0|1
22	50504051	0|1	0|1
22	50515323	0|1	0|0
22	50520384	0|0	0|1
22	50533760	0|0	0|1
22	50539025	0|1	0|1
22	50544889	0|0	0|0
22	50546485	0|0	0|0
22	50547914	0|1	0|1
22	50565104	0|1	0|1
22	50565519	0|0	0|0
22	50592183	0|0	0|0
22	50596105	0|1	0|1
22	50601907	1|0	0|0
22	50602296	0|0	1|0
22	50602301	0|0	0|1
22	50604696	1|0	0|0
22	50605094	0|1	0|1
22	50608278	1|0	0|0
22	50613314	0|1	0|1
22	50621285	0|0	1|0
22	50630164	0|0	0|0
22	50631190	1|0	1|0
22	50634312	0|1	0|1
22	50635407	0|0	0|0
22	50646816	0|0	1|0
22	50657982	0|0	0|0
22	50659275	0|0	0|0
22	50659380	0|0	0|0
22	50663480	1|1	1|1
22	50666059	0|1	0|1
22	50675394	0|1	0|0
22	50680412	1|0	1|0
22	50690522	0|0	1|0
22	50692709	1|0	0|0
22	50704028	0|0	0|0
22	50707012	1|0	0|0
22	50708291	0|1	0|1
22	50711774	1|0	0|0
22	50719652	1|0	0|0
22	50723411	1|0	0|0
22	50724504	0|0	1|0
22	50751547	0|1	0|1
22	50753263	0|0	0|0
22	50754286	0|1	0|1
22	50764795	0|1	0|1
22	50765594	0|0	0|0
22	50789302	0|1	0|1
22	50802635	1|0	0|0
22	50804740	0|1	0|0
22	50808996	0|0	1|0
22	50810472	0|0	1|0
22	50812604	0|1	0|0
22	50859359	0|1	0|1
22	50862793	1|0	0|0
22	50895973	0|0	0|0
22	50907370	0|1	0|1
22	50908549	0|1	0|0
22	50910548	0|0	0|0
22	50912323	0|0	0|0
22	50913930	1|0	0|0
22	50923282	1|1	0|1
22	50932174	1|0	0|0
22	50952989	0|0	0|0
22	50959538	0|1	0|1
22	50964255	1|0	0|0
22	50977105	0|0	1|0
22	50977125	0|0	1|0
22	50982014	0|0	1|0
22	50987175	0|0	1|0
22	50990216	0|0	1|0
22	50993969	0|0	1|0
22	50997044	0|0	1|0
22	51004501	0|0	1|0
22	51004813	0|0	1|0
22	51005492	0|1	0|1
22	51006460	0|0	1|0
22	51008422	0|0	1|0
22	51010306	0|1	0|1
22	51010416	0|0	1|0
22	51011348	0|0	1|0
22	51012854	0|0	1|0
22	51025017	0|0	1|0
22	51039317	1|0	0|0
22	51053520	0|0	1|0
22	51063477	0|0	1|0
22	51068751	0|0	0|0
22	51076644	1|0	1|0
22	51079581	1|0	0|0
22	51082975	0|0	0|1
22	51086956	0|0	0|0
22	51090497	0|0	1|0
22	51090768	0|0	0|0
22	51094179	0|0	0|0
22	51095385	0|0	0|0
22	51104920	0|0	0|0
22	51113801	0|0	1|0
22	51120988	1|1	0|0
22	51128720	0|1	0|1
22	51130530	0|1	0|1
22	51141110	1|0	0|0
22	51144837	1|0	0|0
22	51153595	0|0	1|0
22	51181525	1|0	0|0
22	51181527	1|0	0|0
22	51188809	1|0	0|0
22	51194994	0|1	0|0
22	51198757	0|0	1|0
22	51198813	0|0	1|0
22	51209343	1|0	0|0
22	51215123	1|0	0|0
22	51239637	1|0	0|0
22	51244237	0|1	0|1
